fra;clage_vacsi;jour;n_dose1;n_complet;n_cum_dose1;n_cum_complet;couv_dose1;couv_complet
FR;24;2020-12-27;1;0;1;0;0.0;0.0
FR;24;2020-12-28;3;0;4;0;0.0;0.0
FR;24;2020-12-29;0;0;4;0;0.0;0.0
FR;24;2020-12-30;0;0;4;0;0.0;0.0
FR;24;2020-12-31;1;0;5;0;0.0;0.0
FR;24;2021-01-01;2;0;7;0;0.0;0.0
FR;24;2021-01-02;2;1;9;1;0.0;0.0
FR;24;2021-01-03;2;0;11;1;0.0;0.0
FR;24;2021-01-04;4;0;15;1;0.0;0.0
FR;24;2021-01-05;17;1;32;2;0.0;0.0
FR;24;2021-01-06;36;0;68;2;0.0;0.0
FR;24;2021-01-07;180;0;248;2;0.0;0.0
FR;24;2021-01-08;217;0;465;2;0.0;0.0
FR;24;2021-01-09;39;0;504;2;0.0;0.0
FR;24;2021-01-10;35;0;539;2;0.0;0.0
FR;24;2021-01-11;256;2;795;4;0.0;0.0
FR;24;2021-01-12;398;5;1193;9;0.0;0.0
FR;24;2021-01-13;482;5;1675;14;0.0;0.0
FR;24;2021-01-14;616;8;2291;22;0.0;0.0
FR;24;2021-01-15;600;2;2891;24;0.1;0.0
FR;24;2021-01-16;119;3;3010;27;0.1;0.0
FR;24;2021-01-17;95;0;3105;27;0.1;0.0
FR;24;2021-01-18;511;5;3616;32;0.1;0.0
FR;24;2021-01-19;601;7;4217;39;0.1;0.0
FR;24;2021-01-20;652;2;4869;41;0.1;0.0
FR;24;2021-01-21;762;5;5631;46;0.1;0.0
FR;24;2021-01-22;607;6;6238;52;0.1;0.0
FR;24;2021-01-23;121;0;6359;52;0.1;0.0
FR;24;2021-01-24;22;0;6381;52;0.1;0.0
FR;24;2021-01-25;295;7;6676;59;0.1;0.0
FR;24;2021-01-26;367;13;7043;72;0.1;0.0
FR;24;2021-01-27;450;16;7493;88;0.1;0.0
FR;24;2021-01-28;603;54;8096;142;0.1;0.0
FR;24;2021-01-29;470;85;8566;227;0.2;0.0
FR;24;2021-01-30;88;16;8654;243;0.2;0.0
FR;24;2021-01-31;25;13;8679;256;0.2;0.0
FR;24;2021-02-01;157;136;8836;392;0.2;0.0
FR;24;2021-02-02;219;183;9055;575;0.2;0.0
FR;24;2021-02-03;219;188;9274;763;0.2;0.0
FR;24;2021-02-04;361;317;9635;1080;0.2;0.0
FR;24;2021-02-05;348;345;9983;1425;0.2;0.0
FR;24;2021-02-06;84;71;10067;1496;0.2;0.0
FR;24;2021-02-07;169;32;10236;1528;0.2;0.0
FR;24;2021-02-08;390;361;10626;1889;0.2;0.0
FR;24;2021-02-09;752;468;11378;2357;0.2;0.0
FR;24;2021-02-10;1096;615;12474;2972;0.2;0.1
FR;24;2021-02-11;1585;732;14059;3704;0.3;0.1
FR;24;2021-02-12;1632;585;15691;4289;0.3;0.1
FR;24;2021-02-13;294;99;15985;4388;0.3;0.1
FR;24;2021-02-14;63;32;16048;4420;0.3;0.1
FR;24;2021-02-15;1053;404;17101;4824;0.3;0.1
FR;24;2021-02-16;1569;600;18670;5424;0.3;0.1
FR;24;2021-02-17;1500;515;20170;5939;0.4;0.1
FR;24;2021-02-18;1956;655;22126;6594;0.4;0.1
FR;24;2021-02-19;1867;588;23993;7182;0.4;0.1
FR;24;2021-02-20;336;90;24329;7272;0.4;0.1
FR;24;2021-02-21;41;19;24370;7291;0.4;0.1
FR;24;2021-02-22;1172;315;25542;7606;0.5;0.1
FR;24;2021-02-23;1594;409;27136;8015;0.5;0.1
FR;24;2021-02-24;1659;364;28795;8379;0.5;0.2
FR;24;2021-02-25;2299;518;31094;8897;0.6;0.2
FR;24;2021-02-26;2212;435;33306;9332;0.6;0.2
FR;24;2021-02-27;535;89;33841;9421;0.6;0.2
FR;24;2021-02-28;93;18;33934;9439;0.6;0.2
FR;24;2021-03-01;1271;274;35205;9713;0.6;0.2
FR;24;2021-03-02;1668;339;36873;10052;0.7;0.2
FR;24;2021-03-03;1782;401;38655;10453;0.7;0.2
FR;24;2021-03-04;2204;565;40859;11018;0.8;0.2
FR;24;2021-03-05;3350;583;44209;11601;0.8;0.2
FR;24;2021-03-06;1734;177;45943;11778;0.8;0.2
FR;24;2021-03-07;992;94;46935;11872;0.9;0.2
FR;24;2021-03-08;1996;293;48931;12165;0.9;0.2
FR;24;2021-03-09;2650;389;51581;12554;1.0;0.2
FR;24;2021-03-10;2472;434;54053;12988;1.0;0.2
FR;24;2021-03-11;2979;581;57032;13569;1.1;0.3
FR;24;2021-03-12;3875;511;60907;14080;1.1;0.3
FR;24;2021-03-13;1508;137;62415;14217;1.2;0.3
FR;24;2021-03-14;538;50;62953;14267;1.2;0.3
FR;24;2021-03-15;1852;310;64805;14577;1.2;0.3
FR;24;2021-03-16;835;330;65640;14907;1.2;0.3
FR;24;2021-03-17;1083;341;66723;15248;1.2;0.3
FR;24;2021-03-18;1315;471;68038;15719;1.3;0.3
FR;24;2021-03-19;1880;398;69918;16117;1.3;0.3
FR;24;2021-03-20;840;101;70758;16218;1.3;0.3
FR;24;2021-03-21;640;83;71398;16301;1.3;0.3
FR;24;2021-03-22;1512;329;72910;16630;1.3;0.3
FR;24;2021-03-23;1811;432;74721;17062;1.4;0.3
FR;24;2021-03-24;2170;400;76891;17462;1.4;0.3
FR;24;2021-03-25;2577;534;79468;17996;1.5;0.3
FR;24;2021-03-26;3183;542;82651;18538;1.5;0.3
FR;24;2021-03-27;1909;238;84560;18776;1.6;0.3
FR;24;2021-03-28;1016;90;85576;18866;1.6;0.3
FR;24;2021-03-29;2473;407;88049;19273;1.6;0.4
FR;24;2021-03-30;3668;595;91717;19868;1.7;0.4
FR;24;2021-03-31;4213;606;95930;20474;1.8;0.4
FR;24;2021-04-01;5456;845;101386;21319;1.9;0.4
FR;24;2021-04-02;4509;710;105895;22029;2.0;0.4
FR;24;2021-04-03;1763;362;107658;22391;2.0;0.4
FR;24;2021-04-04;961;144;108619;22535;2.0;0.4
FR;24;2021-04-05;1106;147;109725;22682;2.0;0.4
FR;24;2021-04-06;3583;658;113308;23340;2.1;0.4
FR;24;2021-04-07;4817;891;118125;24231;2.2;0.4
FR;24;2021-04-08;6421;1192;124546;25423;2.3;0.5
FR;24;2021-04-09;5817;1154;130363;26577;2.4;0.5
FR;24;2021-04-10;2635;602;132998;27179;2.5;0.5
FR;24;2021-04-11;1263;325;134261;27504;2.5;0.5
FR;24;2021-04-12;3473;981;137734;28485;2.5;0.5
FR;24;2021-04-13;4819;1201;142553;29686;2.6;0.5
FR;24;2021-04-14;5005;1376;147558;31062;2.7;0.6
FR;24;2021-04-15;5268;1648;152826;32710;2.8;0.6
FR;24;2021-04-16;4885;1728;157711;34438;2.9;0.6
FR;24;2021-04-17;2144;819;159855;35257;2.9;0.7
FR;24;2021-04-18;730;448;160585;35705;3.0;0.7
FR;24;2021-04-19;2965;1555;163550;37260;3.0;0.7
FR;24;2021-04-20;3156;2168;166706;39428;3.1;0.7
FR;24;2021-04-21;3462;2523;170168;41951;3.1;0.8
FR;24;2021-04-22;4066;3191;174234;45142;3.2;0.8
FR;24;2021-04-23;4263;3354;178497;48496;3.3;0.9
FR;24;2021-04-24;2404;1701;180901;50197;3.3;0.9
FR;24;2021-04-25;1236;812;182137;51009;3.4;0.9
FR;24;2021-04-26;3139;2213;185276;53222;3.4;1.0
FR;24;2021-04-27;3971;3214;189247;56436;3.5;1.0
FR;24;2021-04-28;4514;3795;193761;60231;3.6;1.1
FR;24;2021-04-29;5565;4509;199326;64740;3.7;1.2
FR;24;2021-04-30;6302;4676;205628;69416;3.8;1.3
FR;24;2021-05-01;4051;1112;209679;70528;3.9;1.3
FR;24;2021-05-02;2803;918;212482;71446;3.9;1.3
FR;24;2021-05-03;6433;4191;218915;75637;4.0;1.4
FR;24;2021-05-04;7707;4772;226622;80409;4.2;1.5
FR;24;2021-05-05;8910;5015;235532;85424;4.3;1.6
FR;24;2021-05-06;11017;6443;246549;91867;4.5;1.7
FR;24;2021-05-07;12282;6496;258831;98363;4.8;1.8
FR;24;2021-05-08;10603;2608;269434;100971;5.0;1.9
FR;24;2021-05-09;6960;1975;276394;102946;5.1;1.9
FR;24;2021-05-10;11308;5029;287702;107975;5.3;2.0
FR;24;2021-05-11;15806;5839;303508;113814;5.6;2.1
FR;24;2021-05-12;23377;6296;326885;120110;6.0;2.2
FR;24;2021-05-13;27915;3192;354800;123302;6.5;2.3
FR;24;2021-05-14;33141;5704;387941;129006;7.2;2.4
FR;24;2021-05-15;34507;4128;422448;133134;7.8;2.5
FR;24;2021-05-16;22097;2061;444545;135195;8.2;2.5
FR;24;2021-05-17;29893;5349;474438;140544;8.7;2.6
FR;24;2021-05-18;38359;6196;512797;146740;9.5;2.7
FR;24;2021-05-19;40515;7188;553312;153928;10.2;2.8
FR;24;2021-05-20;46205;7589;599517;161517;11.1;3.0
FR;24;2021-05-21;47621;7363;647138;168880;11.9;3.1
FR;24;2021-05-22;44823;4604;691961;173484;12.8;3.2
FR;24;2021-05-23;24092;2394;716053;175878;13.2;3.2
FR;24;2021-05-24;34520;3651;750573;179529;13.8;3.3
FR;24;2021-05-25;44938;7895;795511;187424;14.7;3.5
FR;24;2021-05-26;46181;7453;841692;194877;15.5;3.6
FR;24;2021-05-27;52258;8597;893950;203474;16.5;3.8
FR;24;2021-05-28;48978;9028;942928;212502;17.4;3.9
FR;24;2021-05-29;44106;5981;987034;218483;18.2;4.0
FR;24;2021-05-30;18403;2264;1005437;220747;18.5;4.1
FR;24;2021-05-31;51923;8295;1057360;229042;19.5;4.2
FR;24;2021-06-01;59571;10208;1116931;239250;20.6;4.4
FR;24;2021-06-02;60913;9655;1177844;248905;21.7;4.6
FR;24;2021-06-03;67418;10583;1245262;259488;23.0;4.8
FR;24;2021-06-04;64733;10734;1309995;270222;24.2;5.0
FR;24;2021-06-05;54926;7810;1364921;278032;25.2;5.1
FR;24;2021-06-06;26757;3641;1391678;281673;25.7;5.2
FR;24;2021-06-07;57040;9952;1448718;291625;26.7;5.4
FR;24;2021-06-08;62338;10920;1511056;302545;27.9;5.6
FR;24;2021-06-09;62118;11445;1573174;313990;29.0;5.8
FR;24;2021-06-10;63630;14046;1636804;328036;30.2;6.0
FR;24;2021-06-11;59697;13089;1696501;341125;31.3;6.3
FR;24;2021-06-12;53434;11637;1749935;352762;32.3;6.5
FR;24;2021-06-13;20669;5405;1770604;358167;32.6;6.6
FR;24;2021-06-14;41408;13556;1812012;371723;33.4;6.9
FR;24;2021-06-15;43949;14693;1855961;386416;34.2;7.1
FR;24;2021-06-16;40012;15233;1895973;401649;35.0;7.4
FR;24;2021-06-17;45533;17938;1941506;419587;35.8;7.7
FR;24;2021-06-18;42992;21614;1984498;441201;36.6;8.1
FR;24;2021-06-19;33702;19247;2018200;460448;37.2;8.5
FR;24;2021-06-20;11421;9280;2029621;469728;37.4;8.7
FR;24;2021-06-21;30495;23874;2060116;493602;38.0;9.1
FR;24;2021-06-22;34447;29637;2094563;523239;38.6;9.6
FR;24;2021-06-23;32735;31808;2127298;555047;39.2;10.2
FR;24;2021-06-24;36826;36157;2164124;591204;39.9;10.9
FR;24;2021-06-25;32315;41829;2196439;633033;40.5;11.7
FR;24;2021-06-26;23303;39884;2219742;672917;40.9;12.4
FR;24;2021-06-27;9499;20921;2229241;693838;41.1;12.8
FR;29;2020-12-27;0;0;0;0;0.0;0.0
FR;29;2020-12-28;1;0;1;0;0.0;0.0
FR;29;2020-12-29;0;0;1;0;0.0;0.0
FR;29;2020-12-30;0;0;1;0;0.0;0.0
FR;29;2020-12-31;1;0;2;0;0.0;0.0
FR;29;2021-01-01;2;0;4;0;0.0;0.0
FR;29;2021-01-02;4;1;8;1;0.0;0.0
FR;29;2021-01-03;3;0;11;1;0.0;0.0
FR;29;2021-01-04;10;0;21;1;0.0;0.0
FR;29;2021-01-05;42;0;63;1;0.0;0.0
FR;29;2021-01-06;142;0;205;1;0.0;0.0
FR;29;2021-01-07;308;2;513;3;0.0;0.0
FR;29;2021-01-08;523;5;1036;8;0.0;0.0
FR;29;2021-01-09;113;0;1149;8;0.0;0.0
FR;29;2021-01-10;91;1;1240;9;0.0;0.0
FR;29;2021-01-11;651;5;1891;14;0.1;0.0
FR;29;2021-01-12;943;14;2834;28;0.1;0.0
FR;29;2021-01-13;1222;14;4056;42;0.1;0.0
FR;29;2021-01-14;1573;17;5629;59;0.2;0.0
FR;29;2021-01-15;1319;9;6948;68;0.2;0.0
FR;29;2021-01-16;193;4;7141;72;0.2;0.0
FR;29;2021-01-17;158;0;7299;72;0.2;0.0
FR;29;2021-01-18;1045;16;8344;88;0.2;0.0
FR;29;2021-01-19;1157;8;9501;96;0.3;0.0
FR;29;2021-01-20;1202;10;10703;106;0.3;0.0
FR;29;2021-01-21;1471;9;12174;115;0.3;0.0
FR;29;2021-01-22;1158;11;13332;126;0.4;0.0
FR;29;2021-01-23;171;2;13503;128;0.4;0.0
FR;29;2021-01-24;52;0;13555;128;0.4;0.0
FR;29;2021-01-25;543;19;14098;147;0.4;0.0
FR;29;2021-01-26;668;36;14766;183;0.4;0.0
FR;29;2021-01-27;736;63;15502;246;0.4;0.0
FR;29;2021-01-28;1046;127;16548;373;0.4;0.0
FR;29;2021-01-29;807;176;17355;549;0.5;0.0
FR;29;2021-01-30;143;41;17498;590;0.5;0.0
FR;29;2021-01-31;34;26;17532;616;0.5;0.0
FR;29;2021-02-01;263;295;17795;911;0.5;0.0
FR;29;2021-02-02;410;373;18205;1284;0.5;0.0
FR;29;2021-02-03;461;461;18666;1745;0.5;0.0
FR;29;2021-02-04;620;719;19286;2464;0.5;0.1
FR;29;2021-02-05;539;752;19825;3216;0.5;0.1
FR;29;2021-02-06;143;110;19968;3326;0.5;0.1
FR;29;2021-02-07;304;70;20272;3396;0.5;0.1
FR;29;2021-02-08;604;810;20876;4206;0.6;0.1
FR;29;2021-02-09;1254;1035;22130;5241;0.6;0.1
FR;29;2021-02-10;1723;1160;23853;6401;0.6;0.2
FR;29;2021-02-11;2478;1456;26331;7857;0.7;0.2
FR;29;2021-02-12;2230;1253;28561;9110;0.8;0.2
FR;29;2021-02-13;431;165;28992;9275;0.8;0.2
FR;29;2021-02-14;136;82;29128;9357;0.8;0.3
FR;29;2021-02-15;1577;824;30705;10181;0.8;0.3
FR;29;2021-02-16;1929;1203;32634;11384;0.9;0.3
FR;29;2021-02-17;1895;984;34529;12368;0.9;0.3
FR;29;2021-02-18;2409;1199;36938;13567;1.0;0.4
FR;29;2021-02-19;2334;975;39272;14542;1.1;0.4
FR;29;2021-02-20;385;127;39657;14669;1.1;0.4
FR;29;2021-02-21;87;43;39744;14712;1.1;0.4
FR;29;2021-02-22;1367;547;41111;15259;1.1;0.4
FR;29;2021-02-23;1768;674;42879;15933;1.2;0.4
FR;29;2021-02-24;1798;562;44677;16495;1.2;0.4
FR;29;2021-02-25;2416;984;47093;17479;1.3;0.5
FR;29;2021-02-26;2588;702;49681;18181;1.3;0.5
FR;29;2021-02-27;609;113;50290;18294;1.4;0.5
FR;29;2021-02-28;112;28;50402;18322;1.4;0.5
FR;29;2021-03-01;1317;377;51719;18699;1.4;0.5
FR;29;2021-03-02;1813;627;53532;19326;1.4;0.5
FR;29;2021-03-03;1997;636;55529;19962;1.5;0.5
FR;29;2021-03-04;2524;808;58053;20770;1.6;0.6
FR;29;2021-03-05;3651;791;61704;21561;1.7;0.6
FR;29;2021-03-06;1648;163;63352;21724;1.7;0.6
FR;29;2021-03-07;821;112;64173;21836;1.7;0.6
FR;29;2021-03-08;1986;448;66159;22284;1.8;0.6
FR;29;2021-03-09;2682;547;68841;22831;1.9;0.6
FR;29;2021-03-10;2601;567;71442;23398;1.9;0.6
FR;29;2021-03-11;3384;909;74826;24307;2.0;0.7
FR;29;2021-03-12;4009;813;78835;25120;2.1;0.7
FR;29;2021-03-13;1644;164;80479;25284;2.2;0.7
FR;29;2021-03-14;570;70;81049;25354;2.2;0.7
FR;29;2021-03-15;1901;404;82950;25758;2.2;0.7
FR;29;2021-03-16;1126;522;84076;26280;2.3;0.7
FR;29;2021-03-17;1389;536;85465;26816;2.3;0.7
FR;29;2021-03-18;1657;707;87122;27523;2.3;0.7
FR;29;2021-03-19;2253;600;89375;28123;2.4;0.8
FR;29;2021-03-20;995;140;90370;28263;2.4;0.8
FR;29;2021-03-21;725;70;91095;28333;2.5;0.8
FR;29;2021-03-22;1671;431;92766;28764;2.5;0.8
FR;29;2021-03-23;2228;630;94994;29394;2.6;0.8
FR;29;2021-03-24;2551;619;97545;30013;2.6;0.8
FR;29;2021-03-25;3403;742;100948;30755;2.7;0.8
FR;29;2021-03-26;3761;770;104709;31525;2.8;0.8
FR;29;2021-03-27;2154;289;106863;31814;2.9;0.9
FR;29;2021-03-28;967;93;107830;31907;2.9;0.9
FR;29;2021-03-29;2781;577;110611;32484;3.0;0.9
FR;29;2021-03-30;4031;790;114642;33274;3.1;0.9
FR;29;2021-03-31;4567;877;119209;34151;3.2;0.9
FR;29;2021-04-01;5909;1105;125118;35256;3.4;0.9
FR;29;2021-04-02;4947;998;130065;36254;3.5;1.0
FR;29;2021-04-03;1783;356;131848;36610;3.5;1.0
FR;29;2021-04-04;903;135;132751;36745;3.6;1.0
FR;29;2021-04-05;926;125;133677;36870;3.6;1.0
FR;29;2021-04-06;3529;813;137206;37683;3.7;1.0
FR;29;2021-04-07;4578;1166;141784;38849;3.8;1.0
FR;29;2021-04-08;6323;1564;148107;40413;4.0;1.1
FR;29;2021-04-09;6328;1355;154435;41768;4.2;1.1
FR;29;2021-04-10;2656;653;157091;42421;4.2;1.1
FR;29;2021-04-11;1164;347;158255;42768;4.3;1.2
FR;29;2021-04-12;3616;1082;161871;43850;4.4;1.2
FR;29;2021-04-13;4921;1560;166792;45410;4.5;1.2
FR;29;2021-04-14;4810;1541;171602;46951;4.6;1.3
FR;29;2021-04-15;5655;1883;177257;48834;4.8;1.3
FR;29;2021-04-16;4855;1927;182112;50761;4.9;1.4
FR;29;2021-04-17;2262;942;184374;51703;5.0;1.4
FR;29;2021-04-18;777;529;185151;52232;5.0;1.4
FR;29;2021-04-19;2881;1797;188032;54029;5.1;1.5
FR;29;2021-04-20;3542;2545;191574;56574;5.2;1.5
FR;29;2021-04-21;3511;2827;195085;59401;5.2;1.6
FR;29;2021-04-22;4501;3899;199586;63300;5.4;1.7
FR;29;2021-04-23;4649;3841;204235;67141;5.5;1.8
FR;29;2021-04-24;2712;1847;206947;68988;5.6;1.9
FR;29;2021-04-25;1198;747;208145;69735;5.6;1.9
FR;29;2021-04-26;3024;2492;211169;72227;5.7;1.9
FR;29;2021-04-27;4036;3632;215205;75859;5.8;2.0
FR;29;2021-04-28;4763;4068;219968;79927;5.9;2.2
FR;29;2021-04-29;5970;5037;225938;84964;6.1;2.3
FR;29;2021-04-30;6562;5274;232500;90238;6.3;2.4
FR;29;2021-05-01;4307;1241;236807;91479;6.4;2.5
FR;29;2021-05-02;2643;933;239450;92412;6.4;2.5
FR;29;2021-05-03;7032;4329;246482;96741;6.6;2.6
FR;29;2021-05-04;8308;5256;254790;101997;6.9;2.7
FR;29;2021-05-05;9815;5245;264605;107242;7.1;2.9
FR;29;2021-05-06;11413;6615;276018;113857;7.4;3.1
FR;29;2021-05-07;11886;6682;287904;120539;7.7;3.2
FR;29;2021-05-08;9419;2321;297323;122860;8.0;3.3
FR;29;2021-05-09;5987;1780;303310;124640;8.2;3.4
FR;29;2021-05-10;10896;5386;314206;130026;8.5;3.5
FR;29;2021-05-11;14815;6447;329021;136473;8.9;3.7
FR;29;2021-05-12;20496;6427;349517;142900;9.4;3.8
FR;29;2021-05-13;20069;2434;369586;145334;9.9;3.9
FR;29;2021-05-14;22986;4505;392572;149839;10.6;4.0
FR;29;2021-05-15;21761;3034;414333;152873;11.1;4.1
FR;29;2021-05-16;13557;1398;427890;154271;11.5;4.2
FR;29;2021-05-17;21870;5064;449760;159335;12.1;4.3
FR;29;2021-05-18;28763;5821;478523;165156;12.9;4.4
FR;29;2021-05-19;29319;6065;507842;171221;13.7;4.6
FR;29;2021-05-20;33087;6634;540929;177855;14.6;4.8
FR;29;2021-05-21;32284;6268;573213;184123;15.4;5.0
FR;29;2021-05-22;26303;3084;599516;187207;16.1;5.0
FR;29;2021-05-23;14258;1534;613774;188741;16.5;5.1
FR;29;2021-05-24;22730;2684;636504;191425;17.1;5.2
FR;29;2021-05-25;30745;6655;667249;198080;18.0;5.3
FR;29;2021-05-26;32913;6696;700162;204776;18.8;5.5
FR;29;2021-05-27;35960;7709;736122;212485;19.8;5.7
FR;29;2021-05-28;33541;7993;769663;220478;20.7;5.9
FR;29;2021-05-29;26674;4306;796337;224784;21.4;6.0
FR;29;2021-05-30;11870;1650;808207;226434;21.7;6.1
FR;29;2021-05-31;33721;6874;841928;233308;22.7;6.3
FR;29;2021-06-01;38647;8322;880575;241630;23.7;6.5
FR;29;2021-06-02;39031;7926;919606;249556;24.7;6.7
FR;29;2021-06-03;44015;8940;963621;258496;25.9;7.0
FR;29;2021-06-04;42648;9144;1006269;267640;27.1;7.2
FR;29;2021-06-05;31727;5668;1037996;273308;27.9;7.4
FR;29;2021-06-06;16886;2584;1054882;275892;28.4;7.4
FR;29;2021-06-07;37319;8294;1092201;284186;29.4;7.6
FR;29;2021-06-08;41020;9147;1133221;293333;30.5;7.9
FR;29;2021-06-09;39702;9583;1172923;302916;31.6;8.2
FR;29;2021-06-10;41714;11459;1214637;314375;32.7;8.5
FR;29;2021-06-11;38457;11138;1253094;325513;33.7;8.8
FR;29;2021-06-12;31632;8638;1284726;334151;34.6;9.0
FR;29;2021-06-13;13761;4330;1298487;338481;34.9;9.1
FR;29;2021-06-14;26107;12053;1324594;350534;35.6;9.4
FR;29;2021-06-15;28578;13422;1353172;363956;36.4;9.8
FR;29;2021-06-16;25861;14124;1379033;378080;37.1;10.2
FR;29;2021-06-17;29113;15374;1408146;393454;37.9;10.6
FR;29;2021-06-18;25436;17464;1433582;410918;38.6;11.1
FR;29;2021-06-19;18212;13947;1451794;424865;39.1;11.4
FR;29;2021-06-20;6773;7257;1458567;432122;39.2;11.6
FR;29;2021-06-21;17459;19174;1476026;451296;39.7;12.1
FR;29;2021-06-22;19514;22753;1495540;474049;40.2;12.8
FR;29;2021-06-23;17967;23809;1513507;497858;40.7;13.4
FR;29;2021-06-24;20548;25090;1534055;522948;41.3;14.1
FR;29;2021-06-25;17756;28396;1551811;551344;41.8;14.8
FR;29;2021-06-26;12749;24398;1564560;575742;42.1;15.5
FR;29;2021-06-27;5059;12826;1569619;588568;42.2;15.8
FR;39;2020-12-27;0;0;0;0;0.0;0.0
FR;39;2020-12-28;0;0;0;0;0.0;0.0
FR;39;2020-12-29;1;0;1;0;0.0;0.0
FR;39;2020-12-30;5;0;6;0;0.0;0.0
FR;39;2020-12-31;1;0;7;0;0.0;0.0
FR;39;2021-01-01;4;0;11;0;0.0;0.0
FR;39;2021-01-02;2;1;13;1;0.0;0.0
FR;39;2021-01-03;2;0;15;1;0.0;0.0
FR;39;2021-01-04;23;0;38;1;0.0;0.0
FR;39;2021-01-05;140;0;178;1;0.0;0.0
FR;39;2021-01-06;387;0;565;1;0.0;0.0
FR;39;2021-01-07;1180;7;1745;8;0.0;0.0
FR;39;2021-01-08;1795;5;3540;13;0.0;0.0
FR;39;2021-01-09;477;1;4017;14;0.0;0.0
FR;39;2021-01-10;309;1;4326;15;0.1;0.0
FR;39;2021-01-11;2223;12;6549;27;0.1;0.0
FR;39;2021-01-12;3431;23;9980;50;0.1;0.0
FR;39;2021-01-13;3521;24;13501;74;0.2;0.0
FR;39;2021-01-14;4803;57;18304;131;0.2;0.0
FR;39;2021-01-15;4411;27;22715;158;0.3;0.0
FR;39;2021-01-16;771;4;23486;162;0.3;0.0
FR;39;2021-01-17;493;7;23979;169;0.3;0.0
FR;39;2021-01-18;3085;40;27064;209;0.3;0.0
FR;39;2021-01-19;4021;28;31085;237;0.4;0.0
FR;39;2021-01-20;3931;28;35016;265;0.4;0.0
FR;39;2021-01-21;5167;30;40183;295;0.5;0.0
FR;39;2021-01-22;3989;45;44172;340;0.5;0.0
FR;39;2021-01-23;600;4;44772;344;0.5;0.0
FR;39;2021-01-24;184;0;44956;344;0.5;0.0
FR;39;2021-01-25;1606;50;46562;394;0.6;0.0
FR;39;2021-01-26;2174;104;48736;498;0.6;0.0
FR;39;2021-01-27;2294;221;51030;719;0.6;0.0
FR;39;2021-01-28;3500;487;54530;1206;0.7;0.0
FR;39;2021-01-29;2681;705;57211;1911;0.7;0.0
FR;39;2021-01-30;397;216;57608;2127;0.7;0.0
FR;39;2021-01-31;89;78;57697;2205;0.7;0.0
FR;39;2021-02-01;752;1061;58449;3266;0.7;0.0
FR;39;2021-02-02;1341;1651;59790;4917;0.7;0.1
FR;39;2021-02-03;1372;1665;61162;6582;0.7;0.1
FR;39;2021-02-04;1993;2544;63155;9126;0.8;0.1
FR;39;2021-02-05;1648;2708;64803;11834;0.8;0.1
FR;39;2021-02-06;401;433;65204;12267;0.8;0.1
FR;39;2021-02-07;554;214;65758;12481;0.8;0.2
FR;39;2021-02-08;1524;2434;67282;14915;0.8;0.2
FR;39;2021-02-09;3168;3409;70450;18324;0.8;0.2
FR;39;2021-02-10;3896;3554;74346;21878;0.9;0.3
FR;39;2021-02-11;6187;4914;80533;26792;1.0;0.3
FR;39;2021-02-12;5837;4055;86370;30847;1.0;0.4
FR;39;2021-02-13;1243;554;87613;31401;1.1;0.4
FR;39;2021-02-14;391;268;88004;31669;1.1;0.4
FR;39;2021-02-15;3428;2422;91432;34091;1.1;0.4
FR;39;2021-02-16;4430;3409;95862;37500;1.2;0.5
FR;39;2021-02-17;4004;2906;99866;40406;1.2;0.5
FR;39;2021-02-18;5994;3955;105860;44361;1.3;0.5
FR;39;2021-02-19;5864;3139;111724;47500;1.3;0.6
FR;39;2021-02-20;1143;483;112867;47983;1.4;0.6
FR;39;2021-02-21;189;121;113056;48104;1.4;0.6
FR;39;2021-02-22;3020;1699;116076;49803;1.4;0.6
FR;39;2021-02-23;3935;1967;120011;51770;1.4;0.6
FR;39;2021-02-24;3746;1757;123757;53527;1.5;0.6
FR;39;2021-02-25;5630;2621;129387;56148;1.6;0.7
FR;39;2021-02-26;6112;1998;135499;58146;1.6;0.7
FR;39;2021-02-27;1669;326;137168;58472;1.7;0.7
FR;39;2021-02-28;241;126;137409;58598;1.7;0.7
FR;39;2021-03-01;2973;1055;140382;59653;1.7;0.7
FR;39;2021-03-02;4281;1688;144663;61341;1.7;0.7
FR;39;2021-03-03;4304;1606;148967;62947;1.8;0.8
FR;39;2021-03-04;6386;2440;155353;65387;1.9;0.8
FR;39;2021-03-05;9262;2262;164615;67649;2.0;0.8
FR;39;2021-03-06;4989;473;169604;68122;2.0;0.8
FR;39;2021-03-07;2662;297;172266;68419;2.1;0.8
FR;39;2021-03-08;4720;1199;176986;69618;2.1;0.8
FR;39;2021-03-09;6962;1631;183948;71249;2.2;0.9
FR;39;2021-03-10;6171;1633;190119;72882;2.3;0.9
FR;39;2021-03-11;8790;2576;198909;75458;2.4;0.9
FR;39;2021-03-12;11572;2341;210481;77799;2.5;0.9
FR;39;2021-03-13;5277;492;215758;78291;2.6;0.9
FR;39;2021-03-14;1758;188;217516;78479;2.6;0.9
FR;39;2021-03-15;4820;1112;222336;79591;2.7;1.0
FR;39;2021-03-16;3394;1446;225730;81037;2.7;1.0
FR;39;2021-03-17;3473;1551;229203;82588;2.8;1.0
FR;39;2021-03-18;4681;2047;233884;84635;2.8;1.0
FR;39;2021-03-19;6316;1738;240200;86373;2.9;1.0
FR;39;2021-03-20;3185;402;243385;86775;2.9;1.0
FR;39;2021-03-21;2074;181;245459;86956;3.0;1.0
FR;39;2021-03-22;4479;1160;249938;88116;3.0;1.1
FR;39;2021-03-23;6210;1732;256148;89848;3.1;1.1
FR;39;2021-03-24;6357;1445;262505;91293;3.2;1.1
FR;39;2021-03-25;9113;1846;271618;93139;3.3;1.1
FR;39;2021-03-26;10704;1849;282322;94988;3.4;1.1
FR;39;2021-03-27;6013;695;288335;95683;3.5;1.2
FR;39;2021-03-28;2744;215;291079;95898;3.5;1.2
FR;39;2021-03-29;7248;1375;298327;97273;3.6;1.2
FR;39;2021-03-30;10606;2037;308933;99310;3.7;1.2
FR;39;2021-03-31;11256;2012;320189;101322;3.9;1.2
FR;39;2021-04-01;15123;2835;335312;104157;4.0;1.3
FR;39;2021-04-02;13377;2636;348689;106793;4.2;1.3
FR;39;2021-04-03;5638;1056;354327;107849;4.3;1.3
FR;39;2021-04-04;2531;367;356858;108216;4.3;1.3
FR;39;2021-04-05;2544;339;359402;108555;4.3;1.3
FR;39;2021-04-06;9350;2423;368752;110978;4.4;1.3
FR;39;2021-04-07;12276;2902;381028;113880;4.6;1.4
FR;39;2021-04-08;16966;3897;397994;117777;4.8;1.4
FR;39;2021-04-09;17014;3793;415008;121570;5.0;1.5
FR;39;2021-04-10;7431;1993;422439;123563;5.1;1.5
FR;39;2021-04-11;2994;1002;425433;124565;5.1;1.5
FR;39;2021-04-12;9685;2831;435118;127396;5.2;1.5
FR;39;2021-04-13;13064;4150;448182;131546;5.4;1.6
FR;39;2021-04-14;13015;3960;461197;135506;5.6;1.6
FR;39;2021-04-15;14935;4953;476132;140459;5.7;1.7
FR;39;2021-04-16;12939;5415;489071;145874;5.9;1.8
FR;39;2021-04-17;6179;2762;495250;148636;6.0;1.8
FR;39;2021-04-18;2291;1572;497541;150208;6.0;1.8
FR;39;2021-04-19;7988;4778;505529;154986;6.1;1.9
FR;39;2021-04-20;9566;6790;515095;161776;6.2;2.0
FR;39;2021-04-21;10422;7289;525517;169065;6.3;2.0
FR;39;2021-04-22;12039;10453;537556;179518;6.5;2.2
FR;39;2021-04-23;12426;10633;549982;190151;6.6;2.3
FR;39;2021-04-24;7905;5142;557887;195293;6.7;2.4
FR;39;2021-04-25;3542;2182;561429;197475;6.8;2.4
FR;39;2021-04-26;8789;7024;570218;204499;6.9;2.5
FR;39;2021-04-27;12024;9661;582242;214160;7.0;2.6
FR;39;2021-04-28;13500;10194;595742;224354;7.2;2.7
FR;39;2021-04-29;17562;13121;613304;237475;7.4;2.9
FR;39;2021-04-30;20107;13440;633411;250915;7.6;3.0
FR;39;2021-05-01;13804;3620;647215;254535;7.8;3.1
FR;39;2021-05-02;9409;2552;656624;257087;7.9;3.1
FR;39;2021-05-03;22867;11442;679491;268529;8.2;3.2
FR;39;2021-05-04;27476;14109;706967;282638;8.5;3.4
FR;39;2021-05-05;31333;14452;738300;297090;8.9;3.6
FR;39;2021-05-06;37583;17893;775883;314983;9.4;3.8
FR;39;2021-05-07;39098;18703;814981;333686;9.8;4.0
FR;39;2021-05-08;30492;5838;845473;339524;10.2;4.1
FR;39;2021-05-09;18974;4374;864447;343898;10.4;4.1
FR;39;2021-05-10;34602;14705;899049;358603;10.8;4.3
FR;39;2021-05-11;44928;17351;943977;375954;11.4;4.5
FR;39;2021-05-12;57684;16521;1001661;392475;12.1;4.7
FR;39;2021-05-13;54019;5813;1055680;398288;12.7;4.8
FR;39;2021-05-14;63625;11327;1119305;409615;13.5;4.9
FR;39;2021-05-15;57374;7139;1176679;416754;14.2;5.0
FR;39;2021-05-16;36393;3227;1213072;419981;14.6;5.1
FR;39;2021-05-17;57200;12156;1270272;432137;15.3;5.2
FR;39;2021-05-18;72350;13905;1342622;446042;16.2;5.4
FR;39;2021-05-19;75557;14346;1418179;460388;17.1;5.5
FR;39;2021-05-20;83898;15177;1502077;475565;18.1;5.7
FR;39;2021-05-21;83119;15187;1585196;490752;19.1;5.9
FR;39;2021-05-22;63993;7577;1649189;498329;19.9;6.0
FR;39;2021-05-23;34207;3391;1683396;501720;20.3;6.0
FR;39;2021-05-24;52642;5481;1736038;507201;20.9;6.1
FR;39;2021-05-25;73990;16006;1810028;523207;21.8;6.3
FR;39;2021-05-26;77585;16075;1887613;539282;22.8;6.5
FR;39;2021-05-27;85489;18112;1973102;557394;23.8;6.7
FR;39;2021-05-28;79315;19678;2052417;577072;24.7;7.0
FR;39;2021-05-29;58010;10223;2110427;587295;25.4;7.1
FR;39;2021-05-30;24592;3687;2135019;590982;25.7;7.1
FR;39;2021-05-31;74954;16000;2209973;606982;26.6;7.3
FR;39;2021-06-01;86298;19815;2296271;626797;27.7;7.6
FR;39;2021-06-02;86433;19198;2382704;645995;28.7;7.8
FR;39;2021-06-03;97675;21686;2480379;667681;29.9;8.0
FR;39;2021-06-04;95877;23141;2576256;690822;31.1;8.3
FR;39;2021-06-05;64018;13725;2640274;704547;31.8;8.5
FR;39;2021-06-06;31878;5796;2672152;710343;32.2;8.6
FR;39;2021-06-07;75105;20529;2747257;730872;33.1;8.8
FR;39;2021-06-08;85339;22664;2832596;753536;34.1;9.1
FR;39;2021-06-09;83805;24380;2916401;777916;35.2;9.4
FR;39;2021-06-10;86003;27572;3002404;805488;36.2;9.7
FR;39;2021-06-11;84101;30693;3086505;836181;37.2;10.1
FR;39;2021-06-12;60459;23341;3146964;859522;37.9;10.4
FR;39;2021-06-13;25085;11659;3172049;871181;38.2;10.5
FR;39;2021-06-14;51681;35405;3223730;906586;38.9;10.9
FR;39;2021-06-15;58258;39596;3281988;946182;39.6;11.4
FR;39;2021-06-16;55107;41911;3337095;988093;40.2;11.9
FR;39;2021-06-17;60148;43302;3397243;1031395;41.0;12.4
FR;39;2021-06-18;55234;51517;3452477;1082912;41.6;13.1
FR;39;2021-06-19;35357;38630;3487834;1121542;42.0;13.5
FR;39;2021-06-20;12502;18592;3500336;1140134;42.2;13.7
FR;39;2021-06-21;33766;53620;3534102;1193754;42.6;14.4
FR;39;2021-06-22;38573;62492;3572675;1256246;43.1;15.1
FR;39;2021-06-23;36025;64978;3608700;1321224;43.5;15.9
FR;39;2021-06-24;40872;62747;3649572;1383971;44.0;16.7
FR;39;2021-06-25;37683;75933;3687255;1459904;44.4;17.6
FR;39;2021-06-26;24026;59933;3711281;1519837;44.7;18.3
FR;39;2021-06-27;9700;31239;3720981;1551076;44.9;18.7
FR;49;2020-12-27;2;0;2;0;0.0;0.0
FR;49;2020-12-28;4;0;6;0;0.0;0.0
FR;49;2020-12-29;1;0;7;0;0.0;0.0
FR;49;2020-12-30;6;0;13;0;0.0;0.0
FR;49;2020-12-31;1;0;14;0;0.0;0.0
FR;49;2021-01-01;4;0;18;0;0.0;0.0
FR;49;2021-01-02;11;0;29;0;0.0;0.0
FR;49;2021-01-03;5;0;34;0;0.0;0.0
FR;49;2021-01-04;87;0;121;0;0.0;0.0
FR;49;2021-01-05;339;1;460;1;0.0;0.0
FR;49;2021-01-06;863;6;1323;7;0.0;0.0
FR;49;2021-01-07;2164;8;3487;15;0.0;0.0
FR;49;2021-01-08;3382;11;6869;26;0.1;0.0
FR;49;2021-01-09;1004;2;7873;28;0.1;0.0
FR;49;2021-01-10;475;2;8348;30;0.1;0.0
FR;49;2021-01-11;4189;17;12537;47;0.1;0.0
FR;49;2021-01-12;5881;20;18418;67;0.2;0.0
FR;49;2021-01-13;6184;30;24602;97;0.3;0.0
FR;49;2021-01-14;8356;86;32958;183;0.4;0.0
FR;49;2021-01-15;7633;42;40591;225;0.5;0.0
FR;49;2021-01-16;1427;11;42018;236;0.5;0.0
FR;49;2021-01-17;622;7;42640;243;0.5;0.0
FR;49;2021-01-18;5084;37;47724;280;0.6;0.0
FR;49;2021-01-19;6838;36;54562;316;0.6;0.0
FR;49;2021-01-20;6652;39;61214;355;0.7;0.0
FR;49;2021-01-21;8448;52;69662;407;0.8;0.0
FR;49;2021-01-22;6305;52;75967;459;0.9;0.0
FR;49;2021-01-23;1023;7;76990;466;0.9;0.0
FR;49;2021-01-24;283;5;77273;471;0.9;0.0
FR;49;2021-01-25;2630;103;79903;574;0.9;0.0
FR;49;2021-01-26;3742;234;83645;808;1.0;0.0
FR;49;2021-01-27;3990;402;87635;1210;1.0;0.0
FR;49;2021-01-28;5569;999;93204;2209;1.1;0.0
FR;49;2021-01-29;4414;1574;97618;3783;1.1;0.0
FR;49;2021-01-30;694;381;98312;4164;1.1;0.0
FR;49;2021-01-31;138;125;98450;4289;1.1;0.0
FR;49;2021-02-01;1377;2092;99827;6381;1.2;0.1
FR;49;2021-02-02;2295;3208;102122;9589;1.2;0.1
FR;49;2021-02-03;2312;3393;104434;12982;1.2;0.2
FR;49;2021-02-04;3390;4798;107824;17780;1.3;0.2
FR;49;2021-02-05;2810;4898;110634;22678;1.3;0.3
FR;49;2021-02-06;573;892;111207;23570;1.3;0.3
FR;49;2021-02-07;519;298;111726;23868;1.3;0.3
FR;49;2021-02-08;1944;4079;113670;27947;1.3;0.3
FR;49;2021-02-09;4344;5790;118014;33737;1.4;0.4
FR;49;2021-02-10;5512;6100;123526;39837;1.4;0.5
FR;49;2021-02-11;8023;8046;131549;47883;1.5;0.6
FR;49;2021-02-12;7325;6513;138874;54396;1.6;0.6
FR;49;2021-02-13;1705;1035;140579;55431;1.6;0.6
FR;49;2021-02-14;408;408;140987;55839;1.6;0.6
FR;49;2021-02-15;4134;3922;145121;59761;1.7;0.7
FR;49;2021-02-16;5390;5389;150511;65150;1.8;0.8
FR;49;2021-02-17;5146;4695;155657;69845;1.8;0.8
FR;49;2021-02-18;7518;6283;163175;76128;1.9;0.9
FR;49;2021-02-19;7090;4963;170265;81091;2.0;0.9
FR;49;2021-02-20;1496;816;171761;81907;2.0;1.0
FR;49;2021-02-21;280;226;172041;82133;2.0;1.0
FR;49;2021-02-22;3545;2691;175586;84824;2.0;1.0
FR;49;2021-02-23;4896;3189;180482;88013;2.1;1.0
FR;49;2021-02-24;4921;2903;185403;90916;2.2;1.1
FR;49;2021-02-25;7603;4280;193006;95196;2.2;1.1
FR;49;2021-02-26;8293;3239;201299;98435;2.3;1.1
FR;49;2021-02-27;2700;592;203999;99027;2.4;1.2
FR;49;2021-02-28;337;138;204336;99165;2.4;1.2
FR;49;2021-03-01;3858;1693;208194;100858;2.4;1.2
FR;49;2021-03-02;5823;2562;214017;103420;2.5;1.2
FR;49;2021-03-03;6077;2600;220094;106020;2.6;1.2
FR;49;2021-03-04;9001;3606;229095;109626;2.7;1.3
FR;49;2021-03-05;12641;3415;241736;113041;2.8;1.3
FR;49;2021-03-06;8660;699;250396;113740;2.9;1.3
FR;49;2021-03-07;4706;457;255102;114197;3.0;1.3
FR;49;2021-03-08;6448;1766;261550;115963;3.0;1.3
FR;49;2021-03-09;9614;2462;271164;118425;3.2;1.4
FR;49;2021-03-10;9049;2469;280213;120894;3.3;1.4
FR;49;2021-03-11;12914;3627;293127;124521;3.4;1.4
FR;49;2021-03-12;16547;3178;309674;127699;3.6;1.5
FR;49;2021-03-13;9587;723;319261;128422;3.7;1.5
FR;49;2021-03-14;3147;276;322408;128698;3.8;1.5
FR;49;2021-03-15;6937;1517;329345;130215;3.8;1.5
FR;49;2021-03-16;4656;2186;334001;132401;3.9;1.5
FR;49;2021-03-17;5202;2068;339203;134469;3.9;1.6
FR;49;2021-03-18;6579;2883;345782;137352;4.0;1.6
FR;49;2021-03-19;9570;2414;355352;139766;4.1;1.6
FR;49;2021-03-20;5902;614;361254;140380;4.2;1.6
FR;49;2021-03-21;3146;242;364400;140622;4.2;1.6
FR;49;2021-03-22;6336;1548;370736;142170;4.3;1.7
FR;49;2021-03-23;8632;2232;379368;144402;4.4;1.7
FR;49;2021-03-24;9571;2069;388939;146471;4.5;1.7
FR;49;2021-03-25;12396;2485;401335;148956;4.7;1.7
FR;49;2021-03-26;14773;2440;416108;151396;4.8;1.8
FR;49;2021-03-27;9391;924;425499;152320;5.0;1.8
FR;49;2021-03-28;3852;324;429351;152644;5.0;1.8
FR;49;2021-03-29;9910;1945;439261;154589;5.1;1.8
FR;49;2021-03-30;14337;2826;453598;157415;5.3;1.8
FR;49;2021-03-31;15631;2938;469229;160353;5.5;1.9
FR;49;2021-04-01;19956;3893;489185;164246;5.7;1.9
FR;49;2021-04-02;17538;3611;506723;167857;5.9;2.0
FR;49;2021-04-03;9387;1880;516110;169737;6.0;2.0
FR;49;2021-04-04;4129;645;520239;170382;6.1;2.0
FR;49;2021-04-05;4223;554;524462;170936;6.1;2.0
FR;49;2021-04-06;13249;3487;537711;174423;6.3;2.0
FR;49;2021-04-07;17752;4390;555463;178813;6.5;2.1
FR;49;2021-04-08;22516;5377;577979;184190;6.7;2.1
FR;49;2021-04-09;23652;5542;601631;189732;7.0;2.2
FR;49;2021-04-10;12443;3461;614074;193193;7.1;2.2
FR;49;2021-04-11;4480;1705;618554;194898;7.2;2.3
FR;49;2021-04-12;14186;3875;632740;198773;7.4;2.3
FR;49;2021-04-13;18823;5905;651563;204678;7.6;2.4
FR;49;2021-04-14;19518;6085;671081;210763;7.8;2.5
FR;49;2021-04-15;20451;7202;691532;217965;8.0;2.5
FR;49;2021-04-16;17621;7444;709153;225409;8.3;2.6
FR;49;2021-04-17;9917;4713;719070;230122;8.4;2.7
FR;49;2021-04-18;3374;2320;722444;232442;8.4;2.7
FR;49;2021-04-19;12059;6451;734503;238893;8.5;2.8
FR;49;2021-04-20;14245;9127;748748;248020;8.7;2.9
FR;49;2021-04-21;16094;10259;764842;258279;8.9;3.0
FR;49;2021-04-22;17714;13274;782556;271553;9.1;3.2
FR;49;2021-04-23;18235;14232;800791;285785;9.3;3.3
FR;49;2021-04-24;12682;7859;813473;293644;9.5;3.4
FR;49;2021-04-25;5512;3170;818985;296814;9.5;3.5
FR;49;2021-04-26;13792;10045;832777;306859;9.7;3.6
FR;49;2021-04-27;18760;13189;851537;320048;9.9;3.7
FR;49;2021-04-28;22819;14723;874356;334771;10.2;3.9
FR;49;2021-04-29;27788;17467;902144;352238;10.5;4.1
FR;49;2021-04-30;32086;18283;934230;370521;10.9;4.3
FR;49;2021-05-01;24353;5862;958583;376383;11.2;4.4
FR;49;2021-05-02;16590;3949;975173;380332;11.3;4.4
FR;49;2021-05-03;39861;15706;1015034;396038;11.8;4.6
FR;49;2021-05-04;46939;20518;1061973;416556;12.4;4.8
FR;49;2021-05-05;56213;21874;1118186;438430;13.0;5.1
FR;49;2021-05-06;62709;24903;1180895;463333;13.7;5.4
FR;49;2021-05-07;66089;26286;1246984;489619;14.5;5.7
FR;49;2021-05-08;53777;9459;1300761;499078;15.1;5.8
FR;49;2021-05-09;32388;6362;1333149;505440;15.5;5.9
FR;49;2021-05-10;57932;20964;1391081;526404;16.2;6.1
FR;49;2021-05-11;72531;24170;1463612;550574;17.0;6.4
FR;49;2021-05-12;91314;24424;1554926;574998;18.1;6.7
FR;49;2021-05-13;80707;8000;1635633;582998;19.0;6.8
FR;49;2021-05-14;97404;16115;1733037;599113;20.2;7.0
FR;49;2021-05-15;87079;11167;1820116;610280;21.2;7.1
FR;49;2021-05-16;53394;4702;1873510;614982;21.8;7.2
FR;49;2021-05-17;82481;16590;1955991;631572;22.8;7.3
FR;49;2021-05-18;99403;18211;2055394;649783;23.9;7.6
FR;49;2021-05-19;110823;19670;2166217;669453;25.2;7.8
FR;49;2021-05-20;114379;20032;2280596;689485;26.5;8.0
FR;49;2021-05-21;113776;20225;2394372;709710;27.9;8.3
FR;49;2021-05-22;87558;10719;2481930;720429;28.9;8.4
FR;49;2021-05-23;42922;4093;2524852;724522;29.4;8.4
FR;49;2021-05-24;67209;6987;2592061;731509;30.2;8.5
FR;49;2021-05-25;94798;21051;2686859;752560;31.3;8.8
FR;49;2021-05-26;101765;22994;2788624;775554;32.5;9.0
FR;49;2021-05-27;104550;24219;2893174;799773;33.7;9.3
FR;49;2021-05-28;100027;26942;2993201;826715;34.8;9.6
FR;49;2021-05-29;74224;15652;3067425;842367;35.7;9.8
FR;49;2021-05-30;26783;4759;3094208;847126;36.0;9.9
FR;49;2021-05-31;87644;21417;3181852;868543;37.0;10.1
FR;49;2021-06-01;100400;26607;3282252;895150;38.2;10.4
FR;49;2021-06-02;101740;26789;3383992;921939;39.4;10.7
FR;49;2021-06-03;109064;28076;3493056;950015;40.7;11.1
FR;49;2021-06-04;108756;31527;3601812;981542;41.9;11.4
FR;49;2021-06-05;74523;21053;3676335;1002595;42.8;11.7
FR;49;2021-06-06;31914;7635;3708249;1010230;43.2;11.8
FR;49;2021-06-07;77638;27952;3785887;1038182;44.1;12.1
FR;49;2021-06-08;87910;30931;3873797;1069113;45.1;12.4
FR;49;2021-06-09;89079;35772;3962876;1104885;46.1;12.9
FR;49;2021-06-10;87542;36740;4050418;1141625;47.1;13.3
FR;49;2021-06-11;87579;46495;4137997;1188120;48.2;13.8
FR;49;2021-06-12;65258;38402;4203255;1226522;48.9;14.3
FR;49;2021-06-13;23508;18075;4226763;1244597;49.2;14.5
FR;49;2021-06-14;50398;56727;4277161;1301324;49.8;15.1
FR;49;2021-06-15;58358;61363;4335519;1362687;50.5;15.9
FR;49;2021-06-16;57299;69458;4392818;1432145;51.1;16.7
FR;49;2021-06-17;59860;63608;4452678;1495753;51.8;17.4
FR;49;2021-06-18;57735;79603;4510413;1575356;52.5;18.3
FR;49;2021-06-19;38857;63537;4549270;1638893;52.9;19.1
FR;49;2021-06-20;11947;27107;4561217;1666000;53.1;19.4
FR;49;2021-06-21;32908;80997;4594125;1746997;53.5;20.3
FR;49;2021-06-22;37669;90792;4631794;1837789;53.9;21.4
FR;49;2021-06-23;36856;100680;4668650;1938469;54.3;22.6
FR;49;2021-06-24;40522;84886;4709172;2023355;54.8;23.5
FR;49;2021-06-25;38735;109759;4747907;2133114;55.3;24.8
FR;49;2021-06-26;26114;89774;4774021;2222888;55.6;25.9
FR;49;2021-06-27;9555;42070;4783576;2264958;55.7;26.4
FR;59;2020-12-27;2;0;2;0;0.0;0.0
FR;59;2020-12-28;6;0;8;0;0.0;0.0
FR;59;2020-12-29;2;0;10;0;0.0;0.0
FR;59;2020-12-30;6;0;16;0;0.0;0.0
FR;59;2020-12-31;10;0;26;0;0.0;0.0
FR;59;2021-01-01;26;1;52;1;0.0;0.0
FR;59;2021-01-02;30;0;82;1;0.0;0.0
FR;59;2021-01-03;36;0;118;1;0.0;0.0
FR;59;2021-01-04;596;4;714;5;0.0;0.0
FR;59;2021-01-05;2180;10;2894;15;0.0;0.0
FR;59;2021-01-06;4820;19;7714;34;0.1;0.0
FR;59;2021-01-07;10536;36;18250;70;0.2;0.0
FR;59;2021-01-08;14355;36;32605;106;0.4;0.0
FR;59;2021-01-09;4077;13;36682;119;0.4;0.0
FR;59;2021-01-10;1993;4;38675;123;0.4;0.0
FR;59;2021-01-11;16003;45;54678;168;0.6;0.0
FR;59;2021-01-12;21200;70;75878;238;0.9;0.0
FR;59;2021-01-13;22774;81;98652;319;1.1;0.0
FR;59;2021-01-14;24832;254;123484;573;1.4;0.0
FR;59;2021-01-15;21668;134;145152;707;1.7;0.0
FR;59;2021-01-16;5448;34;150600;741;1.7;0.0
FR;59;2021-01-17;1804;14;152404;755;1.7;0.0
FR;59;2021-01-18;13630;96;166034;851;1.9;0.0
FR;59;2021-01-19;18011;116;184045;967;2.1;0.0
FR;59;2021-01-20;17157;99;201202;1066;2.3;0.0
FR;59;2021-01-21;18888;101;220090;1167;2.5;0.0
FR;59;2021-01-22;13996;116;234086;1283;2.7;0.0
FR;59;2021-01-23;2966;25;237052;1308;2.7;0.0
FR;59;2021-01-24;847;16;237899;1324;2.7;0.0
FR;59;2021-01-25;6729;635;244628;1959;2.8;0.0
FR;59;2021-01-26;8474;1406;253102;3365;2.9;0.0
FR;59;2021-01-27;8846;2423;261948;5788;3.0;0.1
FR;59;2021-01-28;10539;5074;272487;10862;3.1;0.1
FR;59;2021-01-29;7855;6669;280342;17531;3.2;0.2
FR;59;2021-01-30;1767;1516;282109;19047;3.2;0.2
FR;59;2021-01-31;373;548;282482;19595;3.2;0.2
FR;59;2021-02-01;3172;8755;285654;28350;3.2;0.3
FR;59;2021-02-02;4704;12489;290358;40839;3.3;0.5
FR;59;2021-02-03;4834;13560;295192;54399;3.4;0.6
FR;59;2021-02-04;5971;15920;301163;70319;3.4;0.8
FR;59;2021-02-05;4847;14938;306010;85257;3.5;1.0
FR;59;2021-02-06;1164;3005;307174;88262;3.5;1.0
FR;59;2021-02-07;388;987;307562;89249;3.5;1.0
FR;59;2021-02-08;2766;12489;310328;101738;3.5;1.2
FR;59;2021-02-09;4927;16209;315255;117947;3.6;1.3
FR;59;2021-02-10;5711;16103;320966;134050;3.7;1.5
FR;59;2021-02-11;7684;19770;328650;153820;3.7;1.7
FR;59;2021-02-12;6785;16066;335435;169886;3.8;1.9
FR;59;2021-02-13;1701;3460;337136;173346;3.8;2.0
FR;59;2021-02-14;361;984;337497;174330;3.8;2.0
FR;59;2021-02-15;3277;10561;340774;184891;3.9;2.1
FR;59;2021-02-16;4747;13603;345521;198494;3.9;2.3
FR;59;2021-02-17;4971;12377;350492;210871;4.0;2.4
FR;59;2021-02-18;7096;13916;357588;224787;4.1;2.6
FR;59;2021-02-19;6496;10779;364084;235566;4.1;2.7
FR;59;2021-02-20;1419;2495;365503;238061;4.2;2.7
FR;59;2021-02-21;286;571;365789;238632;4.2;2.7
FR;59;2021-02-22;3282;6399;369071;245031;4.2;2.8
FR;59;2021-02-23;4857;7173;373928;252204;4.3;2.9
FR;59;2021-02-24;6882;6454;380810;258658;4.3;2.9
FR;59;2021-02-25;21280;8634;402090;267292;4.6;3.0
FR;59;2021-02-26;28325;6404;430415;273696;4.9;3.1
FR;59;2021-02-27;17141;1594;447556;275290;5.1;3.1
FR;59;2021-02-28;1115;386;448671;275676;5.1;3.1
FR;59;2021-03-01;8851;3588;457522;279264;5.2;3.2
FR;59;2021-03-02;17201;5018;474723;284282;5.4;3.2
FR;59;2021-03-03;20735;5139;495458;289421;5.6;3.3
FR;59;2021-03-04;32407;6091;527865;295512;6.0;3.4
FR;59;2021-03-05;41013;5714;568878;301226;6.5;3.4
FR;59;2021-03-06;36211;1722;605089;302948;6.9;3.4
FR;59;2021-03-07;14135;1144;619224;304092;7.0;3.5
FR;59;2021-03-08;12345;3285;631569;307377;7.2;3.5
FR;59;2021-03-09;22927;4350;654496;311727;7.4;3.5
FR;59;2021-03-10;23210;4449;677706;316176;7.7;3.6
FR;59;2021-03-11;34456;5708;712162;321884;8.1;3.7
FR;59;2021-03-12;45482;4932;757644;326816;8.6;3.7
FR;59;2021-03-13;36259;1543;793903;328359;9.0;3.7
FR;59;2021-03-14;7212;463;801115;328822;9.1;3.7
FR;59;2021-03-15;14549;2628;815664;331450;9.3;3.8
FR;59;2021-03-16;7939;3032;823603;334482;9.4;3.8
FR;59;2021-03-17;8779;3186;832382;337668;9.5;3.8
FR;59;2021-03-18;10490;4074;842872;341742;9.6;3.9
FR;59;2021-03-19;23544;3651;866416;345393;9.9;3.9
FR;59;2021-03-20;21146;1183;887562;346576;10.1;3.9
FR;59;2021-03-21;6292;421;893854;346997;10.2;3.9
FR;59;2021-03-22;15545;2729;909399;349726;10.3;4.0
FR;59;2021-03-23;25480;3628;934879;353354;10.6;4.0
FR;59;2021-03-24;28077;3653;962956;357007;11.0;4.1
FR;59;2021-03-25;38062;4040;1001018;361047;11.4;4.1
FR;59;2021-03-26;42989;4325;1044007;365372;11.9;4.2
FR;59;2021-03-27;26943;1873;1070950;367245;12.2;4.2
FR;59;2021-03-28;7545;494;1078495;367739;12.3;4.2
FR;59;2021-03-29;21724;3461;1100219;371200;12.5;4.2
FR;59;2021-03-30;32208;4553;1132427;375753;12.9;4.3
FR;59;2021-03-31;31519;4822;1163946;380575;13.2;4.3
FR;59;2021-04-01;38530;6001;1202476;386576;13.7;4.4
FR;59;2021-04-02;36985;5970;1239461;392546;14.1;4.5
FR;59;2021-04-03;21356;3524;1260817;396070;14.3;4.5
FR;59;2021-04-04;7359;1253;1268176;397323;14.4;4.5
FR;59;2021-04-05;8275;1140;1276451;398463;14.5;4.5
FR;59;2021-04-06;25765;6034;1302216;404497;14.8;4.6
FR;59;2021-04-07;33951;7274;1336167;411771;15.2;4.7
FR;59;2021-04-08;45132;8705;1381299;420476;15.7;4.8
FR;59;2021-04-09;60858;9351;1442157;429827;16.4;4.9
FR;59;2021-04-10;36520;7222;1478677;437049;16.8;5.0
FR;59;2021-04-11;9758;3560;1488435;440609;16.9;5.0
FR;59;2021-04-12;35335;7553;1523770;448162;17.3;5.1
FR;59;2021-04-13;49903;10358;1573673;458520;17.9;5.2
FR;59;2021-04-14;50264;10340;1623937;468860;18.5;5.3
FR;59;2021-04-15;59576;11998;1683513;480858;19.1;5.5
FR;59;2021-04-16;63395;12684;1746908;493542;19.9;5.6
FR;59;2021-04-17;41528;9865;1788436;503407;20.3;5.7
FR;59;2021-04-18;12294;4676;1800730;508083;20.5;5.8
FR;59;2021-04-19;33292;11304;1834022;519387;20.9;5.9
FR;59;2021-04-20;44771;14893;1878793;534280;21.4;6.1
FR;59;2021-04-21;47438;16650;1926231;550930;21.9;6.3
FR;59;2021-04-22;55959;19691;1982190;570621;22.5;6.5
FR;59;2021-04-23;65511;21092;2047701;591713;23.3;6.7
FR;59;2021-04-24;47562;15693;2095263;607406;23.8;6.9
FR;59;2021-04-25;16669;5513;2111932;612919;24.0;7.0
FR;59;2021-04-26;41516;17632;2153448;630551;24.5;7.2
FR;59;2021-04-27;56676;23471;2210124;654022;25.1;7.4
FR;59;2021-04-28;64444;26124;2274568;680146;25.9;7.7
FR;59;2021-04-29;78307;31859;2352875;712005;26.8;8.1
FR;59;2021-04-30;92728;36829;2445603;748834;27.8;8.5
FR;59;2021-05-01;43667;11156;2489270;759990;28.3;8.6
FR;59;2021-05-02;23518;7348;2512788;767338;28.6;8.7
FR;59;2021-05-03;62959;26457;2575747;793795;29.3;9.0
FR;59;2021-05-04;71481;34565;2647228;828360;30.1;9.4
FR;59;2021-05-05;77830;37550;2725058;865910;31.0;9.8
FR;59;2021-05-06;89757;43876;2814815;909786;32.0;10.3
FR;59;2021-05-07;98259;54132;2913074;963918;33.1;11.0
FR;59;2021-05-08;60953;16753;2974027;980671;33.8;11.2
FR;59;2021-05-09;39456;10483;3013483;991154;34.3;11.3
FR;59;2021-05-10;96308;40312;3109791;1031466;35.4;11.7
FR;59;2021-05-11;126177;49595;3235968;1081061;36.8;12.3
FR;59;2021-05-12;124175;46452;3360143;1127513;38.2;12.8
FR;59;2021-05-13;92964;14588;3453107;1142101;39.3;13.0
FR;59;2021-05-14;129775;34551;3582882;1176652;40.7;13.4
FR;59;2021-05-15;114825;25696;3697707;1202348;42.1;13.7
FR;59;2021-05-16;55478;7275;3753185;1209623;42.7;13.8
FR;59;2021-05-17;105859;30858;3859044;1240481;43.9;14.1
FR;59;2021-05-18;118154;34324;3977198;1274805;45.2;14.5
FR;59;2021-05-19;119110;35558;4096308;1310363;46.6;14.9
FR;59;2021-05-20;122718;42382;4219026;1352745;48.0;15.4
FR;59;2021-05-21;122178;48711;4341204;1401456;49.4;15.9
FR;59;2021-05-22;81958;25446;4423162;1426902;50.3;16.2
FR;59;2021-05-23;31309;5172;4454471;1432074;50.7;16.3
FR;59;2021-05-24;52067;9947;4506538;1442021;51.3;16.4
FR;59;2021-05-25;84532;42002;4591070;1484023;52.2;16.9
FR;59;2021-05-26;83605;44303;4674675;1528326;53.2;17.4
FR;59;2021-05-27;90271;52494;4764946;1580820;54.2;18.0
FR;59;2021-05-28;91977;66715;4856923;1647535;55.2;18.7
FR;59;2021-05-29;60425;40105;4917348;1687640;55.9;19.2
FR;59;2021-05-30;16149;7812;4933497;1695452;56.1;19.3
FR;59;2021-05-31;58709;42472;4992206;1737924;56.8;19.8
FR;59;2021-06-01;68369;53839;5060575;1791763;57.6;20.4
FR;59;2021-06-02;62525;52860;5123100;1844623;58.3;21.0
FR;59;2021-06-03;69873;58476;5192973;1903099;59.1;21.6
FR;59;2021-06-04;71902;71856;5264875;1974955;59.9;22.5
FR;59;2021-06-05;45866;48847;5310741;2023802;60.4;23.0
FR;59;2021-06-06;14284;12607;5325025;2036409;60.6;23.2
FR;59;2021-06-07;44044;54915;5369069;2091324;61.1;23.8
FR;59;2021-06-08;53268;61583;5422337;2152907;61.7;24.5
FR;59;2021-06-09;50699;65174;5473036;2218081;62.2;25.2
FR;59;2021-06-10;53989;64913;5527025;2282994;62.9;26.0
FR;59;2021-06-11;56029;85289;5583054;2368283;63.5;26.9
FR;59;2021-06-12;38877;56789;5621931;2425072;63.9;27.6
FR;59;2021-06-13;11113;19650;5633044;2444722;64.1;27.8
FR;59;2021-06-14;30186;79388;5663230;2524110;64.4;28.7
FR;59;2021-06-15;35678;85483;5698908;2609593;64.8;29.7
FR;59;2021-06-16;33697;87423;5732605;2697016;65.2;30.7
FR;59;2021-06-17;37080;86220;5769685;2783236;65.6;31.7
FR;59;2021-06-18;37834;113674;5807519;2896910;66.0;32.9
FR;59;2021-06-19;24021;80192;5831540;2977102;66.3;33.9
FR;59;2021-06-20;6069;30796;5837609;3007898;66.4;34.2
FR;59;2021-06-21;20257;114232;5857866;3122130;66.6;35.5
FR;59;2021-06-22;25461;128356;5883327;3250486;66.9;37.0
FR;59;2021-06-23;23333;125225;5906660;3375711;67.2;38.4
FR;59;2021-06-24;27436;106034;5934096;3481745;67.5;39.6
FR;59;2021-06-25;27183;146441;5961279;3628186;67.8;41.3
FR;59;2021-06-26;17787;108876;5979066;3737062;68.0;42.5
FR;59;2021-06-27;5113;39648;5984179;3776710;68.1;43.0
FR;64;2020-12-27;1;0;1;0;0.0;0.0
FR;64;2020-12-28;1;0;2;0;0.0;0.0
FR;64;2020-12-29;2;0;4;0;0.0;0.0
FR;64;2020-12-30;6;0;10;0;0.0;0.0
FR;64;2020-12-31;5;0;15;0;0.0;0.0
FR;64;2021-01-01;9;0;24;0;0.0;0.0
FR;64;2021-01-02;13;0;37;0;0.0;0.0
FR;64;2021-01-03;19;0;56;0;0.0;0.0
FR;64;2021-01-04;209;1;265;1;0.0;0.0
FR;64;2021-01-05;904;4;1169;5;0.0;0.0
FR;64;2021-01-06;1694;5;2863;10;0.1;0.0
FR;64;2021-01-07;3666;10;6529;20;0.2;0.0
FR;64;2021-01-08;4898;16;11427;36;0.3;0.0
FR;64;2021-01-09;1964;2;13391;38;0.3;0.0
FR;64;2021-01-10;1032;1;14423;39;0.4;0.0
FR;64;2021-01-11;5299;11;19722;50;0.5;0.0
FR;64;2021-01-12;7171;16;26893;66;0.7;0.0
FR;64;2021-01-13;7476;22;34369;88;0.8;0.0
FR;64;2021-01-14;8593;89;42962;177;1.0;0.0
FR;64;2021-01-15;7117;41;50079;218;1.2;0.0
FR;64;2021-01-16;2223;19;52302;237;1.3;0.0
FR;64;2021-01-17;846;9;53148;246;1.3;0.0
FR;64;2021-01-18;4698;21;57846;267;1.4;0.0
FR;64;2021-01-19;6423;28;64269;295;1.6;0.0
FR;64;2021-01-20;6255;39;70524;334;1.7;0.0
FR;64;2021-01-21;6944;28;77468;362;1.9;0.0
FR;64;2021-01-22;5455;34;82923;396;2.0;0.0
FR;64;2021-01-23;1422;13;84345;409;2.1;0.0
FR;64;2021-01-24;435;9;84780;418;2.1;0.0
FR;64;2021-01-25;2783;208;87563;626;2.1;0.0
FR;64;2021-01-26;3549;500;91112;1126;2.2;0.0
FR;64;2021-01-27;3775;892;94887;2018;2.3;0.0
FR;64;2021-01-28;4580;1760;99467;3778;2.4;0.1
FR;64;2021-01-29;3543;2331;103010;6109;2.5;0.1
FR;64;2021-01-30;840;709;103850;6818;2.5;0.2
FR;64;2021-01-31;173;279;104023;7097;2.5;0.2
FR;64;2021-02-01;1534;2870;105557;9967;2.6;0.2
FR;64;2021-02-02;2159;4149;107716;14116;2.6;0.3
FR;64;2021-02-03;2314;4367;110030;18483;2.7;0.5
FR;64;2021-02-04;2830;5511;112860;23994;2.8;0.6
FR;64;2021-02-05;2198;4973;115058;28967;2.8;0.7
FR;64;2021-02-06;669;1305;115727;30272;2.8;0.7
FR;64;2021-02-07;165;493;115892;30765;2.8;0.7
FR;64;2021-02-08;1492;4199;117384;34964;2.9;0.9
FR;64;2021-02-09;2351;5671;119735;40635;2.9;1.0
FR;64;2021-02-10;2582;5679;122317;46314;3.0;1.1
FR;64;2021-02-11;3470;7237;125787;53551;3.1;1.3
FR;64;2021-02-12;3115;5457;128902;59008;3.1;1.4
FR;64;2021-02-13;852;1449;129754;60457;3.2;1.5
FR;64;2021-02-14;198;437;129952;60894;3.2;1.5
FR;64;2021-02-15;1597;3893;131549;64787;3.2;1.6
FR;64;2021-02-16;2090;5154;133639;69941;3.3;1.7
FR;64;2021-02-17;2219;4649;135858;74590;3.3;1.8
FR;64;2021-02-18;3254;5469;139112;80059;3.4;2.0
FR;64;2021-02-19;3026;4226;142138;84285;3.5;2.1
FR;64;2021-02-20;813;1204;142951;85489;3.5;2.1
FR;64;2021-02-21;135;255;143086;85744;3.5;2.1
FR;64;2021-02-22;1503;2673;144589;88417;3.5;2.2
FR;64;2021-02-23;2419;2924;147008;91341;3.6;2.2
FR;64;2021-02-24;3887;2869;150895;94210;3.7;2.3
FR;64;2021-02-25;16106;3907;167001;98117;4.1;2.4
FR;64;2021-02-26;21872;2855;188873;100972;4.6;2.5
FR;64;2021-02-27;13108;805;201981;101777;4.9;2.5
FR;64;2021-02-28;802;175;202783;101952;4.9;2.5
FR;64;2021-03-01;6584;1778;209367;103730;5.1;2.5
FR;64;2021-03-02;13167;2405;222534;106135;5.4;2.6
FR;64;2021-03-03;16009;2481;238543;108616;5.8;2.6
FR;64;2021-03-04;25292;2993;263835;111609;6.4;2.7
FR;64;2021-03-05;30604;2822;294439;114431;7.2;2.8
FR;64;2021-03-06;26975;934;321414;115365;7.8;2.8
FR;64;2021-03-07;9920;581;331334;115946;8.1;2.8
FR;64;2021-03-08;8867;1860;340201;117806;8.3;2.9
FR;64;2021-03-09;16889;2126;357090;119932;8.7;2.9
FR;64;2021-03-10;17156;2258;374246;122190;9.1;3.0
FR;64;2021-03-11;26034;2980;400280;125170;9.8;3.1
FR;64;2021-03-12;33560;2606;433840;127776;10.6;3.1
FR;64;2021-03-13;27454;920;461294;128696;11.2;3.1
FR;64;2021-03-14;5457;238;466751;128934;11.4;3.1
FR;64;2021-03-15;11099;1502;477850;130436;11.6;3.2
FR;64;2021-03-16;6030;1799;483880;132235;11.8;3.2
FR;64;2021-03-17;6166;1715;490046;133950;11.9;3.3
FR;64;2021-03-18;7706;2101;497752;136051;12.1;3.3
FR;64;2021-03-19;18999;2008;516751;138059;12.6;3.4
FR;64;2021-03-20;18580;826;535331;138885;13.0;3.4
FR;64;2021-03-21;4732;251;540063;139136;13.2;3.4
FR;64;2021-03-22;13575;1626;553638;140762;13.5;3.4
FR;64;2021-03-23;23584;2115;577222;142877;14.1;3.5
FR;64;2021-03-24;25239;2232;602461;145109;14.7;3.5
FR;64;2021-03-25;36748;2545;639209;147654;15.6;3.6
FR;64;2021-03-26;40304;2507;679513;150161;16.6;3.7
FR;64;2021-03-27;21366;1110;700879;151271;17.1;3.7
FR;64;2021-03-28;5104;276;705983;151547;17.2;3.7
FR;64;2021-03-29;17600;2217;723583;153764;17.6;3.7
FR;64;2021-03-30;27396;2953;750979;156717;18.3;3.8
FR;64;2021-03-31;24206;3029;775185;159746;18.9;3.9
FR;64;2021-04-01;30663;3910;805848;163656;19.6;4.0
FR;64;2021-04-02;29302;3711;835150;167367;20.4;4.1
FR;64;2021-04-03;16035;2419;851185;169786;20.7;4.1
FR;64;2021-04-04;4039;813;855224;170599;20.8;4.2
FR;64;2021-04-05;5119;814;860343;171413;21.0;4.2
FR;64;2021-04-06;19274;4354;879617;175767;21.4;4.3
FR;64;2021-04-07;23607;4907;903224;180674;22.0;4.4
FR;64;2021-04-08;34675;5772;937899;186446;22.9;4.5
FR;64;2021-04-09;53613;6306;991512;192752;24.2;4.7
FR;64;2021-04-10;29911;5140;1021423;197892;24.9;4.8
FR;64;2021-04-11;6274;2630;1027697;200522;25.1;4.9
FR;64;2021-04-12;28082;5283;1055779;205805;25.7;5.0
FR;64;2021-04-13;42595;7513;1098374;213318;26.8;5.2
FR;64;2021-04-14;40802;7281;1139176;220599;27.8;5.4
FR;64;2021-04-15;51989;8548;1191165;229147;29.0;5.6
FR;64;2021-04-16;64337;9080;1255502;238227;30.6;5.8
FR;64;2021-04-17;38574;7227;1294076;245454;31.5;6.0
FR;64;2021-04-18;10926;3365;1305002;248819;31.8;6.1
FR;64;2021-04-19;41994;8670;1346996;257489;32.8;6.3
FR;64;2021-04-20;52656;10544;1399652;268033;34.1;6.5
FR;64;2021-04-21;52542;11012;1452194;279045;35.4;6.8
FR;64;2021-04-22;57404;12916;1509598;291961;36.8;7.1
FR;64;2021-04-23;60945;12870;1570543;304831;38.3;7.4
FR;64;2021-04-24;43406;9192;1613949;314023;39.3;7.7
FR;64;2021-04-25;16232;3415;1630181;317438;39.7;7.7
FR;64;2021-04-26;50048;11636;1680229;329074;41.0;8.0
FR;64;2021-04-27;63032;15669;1743261;344743;42.5;8.4
FR;64;2021-04-28;64070;16127;1807331;360870;44.1;8.8
FR;64;2021-04-29;73736;20573;1881067;381443;45.9;9.3
FR;64;2021-04-30;75302;22118;1956369;403561;47.7;9.8
FR;64;2021-05-01;29349;6741;1985718;410302;48.4;10.0
FR;64;2021-05-02;14494;4014;2000212;414316;48.8;10.1
FR;64;2021-05-03;52359;15972;2052571;430288;50.0;10.5
FR;64;2021-05-04;53346;21709;2105917;451997;51.3;11.0
FR;64;2021-05-05;49549;22789;2155466;474786;52.5;11.6
FR;64;2021-05-06;56935;28917;2212401;503703;53.9;12.3
FR;64;2021-05-07;50988;34077;2263389;537780;55.2;13.1
FR;64;2021-05-08;21116;9361;2284505;547141;55.7;13.3
FR;64;2021-05-09;10063;5524;2294568;552665;55.9;13.5
FR;64;2021-05-10;34729;26849;2329297;579514;56.8;14.1
FR;64;2021-05-11;44160;37212;2373457;616726;57.9;15.0
FR;64;2021-05-12;39330;35054;2412787;651780;58.8;15.9
FR;64;2021-05-13;22111;10089;2434898;661869;59.4;16.1
FR;64;2021-05-14;36480;29126;2471378;690995;60.2;16.8
FR;64;2021-05-15;21358;19036;2492736;710031;60.8;17.3
FR;64;2021-05-16;8007;4319;2500743;714350;61.0;17.4
FR;64;2021-05-17;26996;25462;2527739;739812;61.6;18.0
FR;64;2021-05-18;33668;28397;2561407;768209;62.4;18.7
FR;64;2021-05-19;30536;26415;2591943;794624;63.2;19.4
FR;64;2021-05-20;35085;33289;2627028;827913;64.0;20.2
FR;64;2021-05-21;30287;37405;2657315;865318;64.8;21.1
FR;64;2021-05-22;14858;17711;2672173;883029;65.1;21.5
FR;64;2021-05-23;5133;2839;2677306;885868;65.3;21.6
FR;64;2021-05-24;10787;6496;2688093;892364;65.5;21.8
FR;64;2021-05-25;22738;34363;2710831;926727;66.1;22.6
FR;64;2021-05-26;21522;34976;2732353;961703;66.6;23.4
FR;64;2021-05-27;26049;43000;2758402;1004703;67.2;24.5
FR;64;2021-05-28;24534;55759;2782936;1060462;67.8;25.9
FR;64;2021-05-29;11942;33525;2794878;1093987;68.1;26.7
FR;64;2021-05-30;2673;7433;2797551;1101420;68.2;26.8
FR;64;2021-05-31;15855;45989;2813406;1147409;68.6;28.0
FR;64;2021-06-01;20869;56413;2834275;1203822;69.1;29.3
FR;64;2021-06-02;17070;50439;2851345;1254261;69.5;30.6
FR;64;2021-06-03;21215;55034;2872560;1309295;70.0;31.9
FR;64;2021-06-04;19861;66568;2892421;1375863;70.5;33.5
FR;64;2021-06-05;9403;43246;2901824;1419109;70.7;34.6
FR;64;2021-06-06;2668;10970;2904492;1430079;70.8;34.9
FR;64;2021-06-07;12355;60870;2916847;1490949;71.1;36.3
FR;64;2021-06-08;16488;66658;2933335;1557607;71.5;38.0
FR;64;2021-06-09;14636;58435;2947971;1616042;71.9;39.4
FR;64;2021-06-10;16567;57032;2964538;1673074;72.3;40.8
FR;64;2021-06-11;15103;69938;2979641;1743012;72.6;42.5
FR;64;2021-06-12;8102;36110;2987743;1779122;72.8;43.4
FR;64;2021-06-13;2120;9749;2989863;1788871;72.9;43.6
FR;64;2021-06-14;8932;64686;2998795;1853557;73.1;45.2
FR;64;2021-06-15;11714;66327;3010509;1919884;73.4;46.8
FR;64;2021-06-16;9969;53318;3020478;1973202;73.6;48.1
FR;64;2021-06-17;12036;55825;3032514;2029027;73.9;49.5
FR;64;2021-06-18;11056;61271;3043570;2090298;74.2;51.0
FR;64;2021-06-19;5496;29081;3049066;2119379;74.3;51.7
FR;64;2021-06-20;1147;6589;3050213;2125968;74.4;51.8
FR;64;2021-06-21;6280;45154;3056493;2171122;74.5;52.9
FR;64;2021-06-22;8403;52527;3064896;2223649;74.7;54.2
FR;64;2021-06-23;7312;40692;3072208;2264341;74.9;55.2
FR;64;2021-06-24;9270;40080;3081478;2304421;75.1;56.2
FR;64;2021-06-25;8533;50758;3090011;2355179;75.3;57.4
FR;64;2021-06-26;4276;25586;3094287;2380765;75.4;58.0
FR;64;2021-06-27;1113;6563;3095400;2387328;75.5;58.2
FR;69;2020-12-27;2;0;2;0;0.0;0.0
FR;69;2020-12-28;2;0;4;0;0.0;0.0
FR;69;2020-12-29;3;0;7;0;0.0;0.0
FR;69;2020-12-30;7;0;14;0;0.0;0.0
FR;69;2020-12-31;5;0;19;0;0.0;0.0
FR;69;2021-01-01;6;0;25;0;0.0;0.0
FR;69;2021-01-02;11;1;36;1;0.0;0.0
FR;69;2021-01-03;8;0;44;1;0.0;0.0
FR;69;2021-01-04;116;0;160;1;0.0;0.0
FR;69;2021-01-05;411;4;571;5;0.0;0.0
FR;69;2021-01-06;810;2;1381;7;0.0;0.0
FR;69;2021-01-07;1895;3;3276;10;0.1;0.0
FR;69;2021-01-08;2465;1;5741;11;0.1;0.0
FR;69;2021-01-09;1127;1;6868;12;0.2;0.0
FR;69;2021-01-10;661;1;7529;13;0.2;0.0
FR;69;2021-01-11;2744;6;10273;19;0.3;0.0
FR;69;2021-01-12;3894;3;14167;22;0.4;0.0
FR;69;2021-01-13;3807;15;17974;37;0.5;0.0
FR;69;2021-01-14;4582;48;22556;85;0.6;0.0
FR;69;2021-01-15;3855;15;26411;100;0.7;0.0
FR;69;2021-01-16;1345;14;27756;114;0.7;0.0
FR;69;2021-01-17;637;3;28393;117;0.7;0.0
FR;69;2021-01-18;3264;19;31657;136;0.8;0.0
FR;69;2021-01-19;4803;21;36460;157;0.9;0.0
FR;69;2021-01-20;4775;18;41235;175;1.1;0.0
FR;69;2021-01-21;5559;23;46794;198;1.2;0.0
FR;69;2021-01-22;4385;21;51179;219;1.3;0.0
FR;69;2021-01-23;1364;5;52543;224;1.3;0.0
FR;69;2021-01-24;450;6;52993;230;1.4;0.0
FR;69;2021-01-25;2737;82;55730;312;1.4;0.0
FR;69;2021-01-26;3369;187;59099;499;1.5;0.0
FR;69;2021-01-27;3676;416;62775;915;1.6;0.0
FR;69;2021-01-28;4336;896;67111;1811;1.7;0.0
FR;69;2021-01-29;3500;1237;70611;3048;1.8;0.1
FR;69;2021-01-30;946;404;71557;3452;1.8;0.1
FR;69;2021-01-31;180;162;71737;3614;1.8;0.1
FR;69;2021-02-01;1832;1522;73569;5136;1.9;0.1
FR;69;2021-02-02;2437;2205;76006;7341;1.9;0.2
FR;69;2021-02-03;2428;2274;78434;9615;2.0;0.2
FR;69;2021-02-04;2997;2929;81431;12544;2.1;0.3
FR;69;2021-02-05;2522;2541;83953;15085;2.2;0.4
FR;69;2021-02-06;729;809;84682;15894;2.2;0.4
FR;69;2021-02-07;162;391;84844;16285;2.2;0.4
FR;69;2021-02-08;1617;2412;86461;18697;2.2;0.5
FR;69;2021-02-09;2424;3419;88885;22116;2.3;0.6
FR;69;2021-02-10;2579;3410;91464;25526;2.3;0.7
FR;69;2021-02-11;3539;4870;95003;30396;2.4;0.8
FR;69;2021-02-12;3171;3423;98174;33819;2.5;0.9
FR;69;2021-02-13;870;1037;99044;34856;2.5;0.9
FR;69;2021-02-14;218;416;99262;35272;2.5;0.9
FR;69;2021-02-15;1340;2780;100602;38052;2.6;1.0
FR;69;2021-02-16;1876;3990;102478;42042;2.6;1.1
FR;69;2021-02-17;2019;3666;104497;45708;2.7;1.2
FR;69;2021-02-18;3018;4567;107515;50275;2.8;1.3
FR;69;2021-02-19;2893;3517;110408;53792;2.8;1.4
FR;69;2021-02-20;760;1027;111168;54819;2.8;1.4
FR;69;2021-02-21;152;236;111320;55055;2.9;1.4
FR;69;2021-02-22;1624;2578;112944;57633;2.9;1.5
FR;69;2021-02-23;2291;2825;115235;60458;3.0;1.5
FR;69;2021-02-24;2673;2920;117908;63378;3.0;1.6
FR;69;2021-02-25;3906;3594;121814;66972;3.1;1.7
FR;69;2021-02-26;4294;2638;126108;69610;3.2;1.8
FR;69;2021-02-27;1823;710;127931;70320;3.3;1.8
FR;69;2021-02-28;312;182;128243;70502;3.3;1.8
FR;69;2021-03-01;2813;1944;131056;72446;3.4;1.9
FR;69;2021-03-02;4732;2462;135788;74908;3.5;1.9
FR;69;2021-03-03;6752;2499;142540;77407;3.7;2.0
FR;69;2021-03-04;11857;3065;154397;80472;4.0;2.1
FR;69;2021-03-05;17581;2757;171978;83229;4.4;2.1
FR;69;2021-03-06;23400;883;195378;84112;5.0;2.2
FR;69;2021-03-07;14840;504;210218;84616;5.4;2.2
FR;69;2021-03-08;9828;2094;220046;86710;5.6;2.2
FR;69;2021-03-09;17569;2560;237615;89270;6.1;2.3
FR;69;2021-03-10;18918;2619;256533;91889;6.6;2.4
FR;69;2021-03-11;29304;3332;285837;95221;7.3;2.4
FR;69;2021-03-12;40076;3101;325913;98322;8.4;2.5
FR;69;2021-03-13;36216;1139;362129;99461;9.3;2.5
FR;69;2021-03-14;8227;292;370356;99753;9.5;2.6
FR;69;2021-03-15;16772;1871;387128;101624;9.9;2.6
FR;69;2021-03-16;10760;2217;397888;103841;10.2;2.7
FR;69;2021-03-17;11799;2220;409687;106061;10.5;2.7
FR;69;2021-03-18;13174;2650;422861;108711;10.8;2.8
FR;69;2021-03-19;28954;2518;451815;111229;11.6;2.9
FR;69;2021-03-20;27036;980;478851;112209;12.3;2.9
FR;69;2021-03-21;7140;291;485991;112500;12.5;2.9
FR;69;2021-03-22;21276;2250;507267;114750;13.0;2.9
FR;69;2021-03-23;36343;2902;543610;117652;13.9;3.0
FR;69;2021-03-24;37622;2952;581232;120604;14.9;3.1
FR;69;2021-03-25;55220;3265;636452;123869;16.3;3.2
FR;69;2021-03-26;59357;3170;695809;127039;17.8;3.3
FR;69;2021-03-27;30288;1457;726097;128496;18.6;3.3
FR;69;2021-03-28;7616;415;733713;128911;18.8;3.3
FR;69;2021-03-29;27758;3531;761471;132442;19.5;3.4
FR;69;2021-03-30;42371;4504;803842;136946;20.6;3.5
FR;69;2021-03-31;35466;4516;839308;141462;21.5;3.6
FR;69;2021-04-01;43400;5899;882708;147361;22.6;3.8
FR;69;2021-04-02;41452;6042;924160;153403;23.7;3.9
FR;69;2021-04-03;21713;3975;945873;157378;24.2;4.0
FR;69;2021-04-04;5815;1322;951688;158700;24.4;4.1
FR;69;2021-04-05;7622;1079;959310;159779;24.6;4.1
FR;69;2021-04-06;27950;7278;987260;167057;25.3;4.3
FR;69;2021-04-07;32465;7834;1019725;174891;26.1;4.5
FR;69;2021-04-08;48663;8980;1068388;183871;27.4;4.7
FR;69;2021-04-09;70751;9231;1139139;193102;29.2;4.9
FR;69;2021-04-10;36738;7951;1175877;201053;30.1;5.2
FR;69;2021-04-11;7987;4306;1183864;205359;30.3;5.3
FR;69;2021-04-12;38636;8939;1222500;214298;31.3;5.5
FR;69;2021-04-13;53608;12082;1276108;226380;32.7;5.8
FR;69;2021-04-14;49384;11757;1325492;238137;34.0;6.1
FR;69;2021-04-15;61902;13679;1387394;251816;35.6;6.5
FR;69;2021-04-16;72697;14214;1460091;266030;37.4;6.8
FR;69;2021-04-17;39712;10762;1499803;276792;38.4;7.1
FR;69;2021-04-18;10023;5047;1509826;281839;38.7;7.2
FR;69;2021-04-19;45912;13975;1555738;295814;39.9;7.6
FR;69;2021-04-20;57187;16916;1612925;312730;41.3;8.0
FR;69;2021-04-21;53526;16635;1666451;329365;42.7;8.4
FR;69;2021-04-22;60296;18839;1726747;348204;44.3;8.9
FR;69;2021-04-23;59463;18896;1786210;367100;45.8;9.4
FR;69;2021-04-24;37340;13217;1823550;380317;46.7;9.7
FR;69;2021-04-25;13281;5027;1836831;385344;47.1;9.9
FR;69;2021-04-26;49729;18459;1886560;403803;48.3;10.3
FR;69;2021-04-27;61824;23302;1948384;427105;49.9;10.9
FR;69;2021-04-28;59879;22179;2008263;449284;51.5;11.5
FR;69;2021-04-29;70167;24958;2078430;474242;53.3;12.2
FR;69;2021-04-30;66983;24026;2145413;498268;55.0;12.8
FR;69;2021-05-01;23905;7659;2169318;505927;55.6;13.0
FR;69;2021-05-02;11199;5183;2180517;511110;55.9;13.1
FR;69;2021-05-03;47540;21441;2228057;532551;57.1;13.6
FR;69;2021-05-04;48085;27802;2276142;560353;58.3;14.4
FR;69;2021-05-05;42828;27214;2318970;587567;59.4;15.1
FR;69;2021-05-06;50928;30295;2369898;617862;60.7;15.8
FR;69;2021-05-07;42398;34374;2412296;652236;61.8;16.7
FR;69;2021-05-08;16048;9425;2428344;661661;62.2;17.0
FR;69;2021-05-09;7333;6578;2435677;668239;62.4;17.1
FR;69;2021-05-10;29884;34783;2465561;703022;63.2;18.0
FR;69;2021-05-11;38343;43823;2503904;746845;64.2;19.1
FR;69;2021-05-12;33263;39275;2537167;786120;65.0;20.1
FR;69;2021-05-13;17549;11555;2554716;797675;65.5;20.4
FR;69;2021-05-14;30152;34224;2584868;831899;66.2;21.3
FR;69;2021-05-15;15322;18568;2600190;850467;66.6;21.8
FR;69;2021-05-16;5468;4328;2605658;854795;66.8;21.9
FR;69;2021-05-17;21928;28856;2627586;883651;67.3;22.6
FR;69;2021-05-18;28069;29661;2655655;913312;68.1;23.4
FR;69;2021-05-19;24416;25255;2680071;938567;68.7;24.1
FR;69;2021-05-20;28454;27853;2708525;966420;69.4;24.8
FR;69;2021-05-21;23032;30764;2731557;997184;70.0;25.6
FR;69;2021-05-22;9696;14383;2741253;1011567;70.3;25.9
FR;69;2021-05-23;3193;2386;2744446;1013953;70.3;26.0
FR;69;2021-05-24;8128;7136;2752574;1021089;70.5;26.2
FR;69;2021-05-25;17940;36234;2770514;1057323;71.0;27.1
FR;69;2021-05-26;16407;34482;2786921;1091805;71.4;28.0
FR;69;2021-05-27;20648;42286;2807569;1134091;72.0;29.1
FR;69;2021-05-28;18322;53877;2825891;1187968;72.4;30.4
FR;69;2021-05-29;7669;31262;2833560;1219230;72.6;31.2
FR;69;2021-05-30;1705;6903;2835265;1226133;72.7;31.4
FR;69;2021-05-31;12355;47522;2847620;1273655;73.0;32.6
FR;69;2021-06-01;16229;57672;2863849;1331327;73.4;34.1
FR;69;2021-06-02;13002;50026;2876851;1381353;73.7;35.4
FR;69;2021-06-03;16385;57686;2893236;1439039;74.1;36.9
FR;69;2021-06-04;14595;67121;2907831;1506160;74.5;38.6
FR;69;2021-06-05;6094;39527;2913925;1545687;74.7;39.6
FR;69;2021-06-06;1569;9078;2915494;1554765;74.7;39.8
FR;69;2021-06-07;9746;59514;2925240;1614279;75.0;41.4
FR;69;2021-06-08;13410;66455;2938650;1680734;75.3;43.1
FR;69;2021-06-09;11637;54979;2950287;1735713;75.6;44.5
FR;69;2021-06-10;13947;57864;2964234;1793577;76.0;46.0
FR;69;2021-06-11;12097;69303;2976331;1862880;76.3;47.7
FR;69;2021-06-12;5636;32235;2981967;1895115;76.4;48.6
FR;69;2021-06-13;1316;7824;2983283;1902939;76.5;48.8
FR;69;2021-06-14;7337;61141;2990620;1964080;76.6;50.3
FR;69;2021-06-15;9972;66412;3000592;2030492;76.9;52.0
FR;69;2021-06-16;8157;50181;3008749;2080673;77.1;53.3
FR;69;2021-06-17;9732;57163;3018481;2137836;77.4;54.8
FR;69;2021-06-18;8589;60789;3027070;2198625;77.6;56.3
FR;69;2021-06-19;3690;24278;3030760;2222903;77.7;57.0
FR;69;2021-06-20;730;4942;3031490;2227845;77.7;57.1
FR;69;2021-06-21;5057;41881;3036547;2269726;77.8;58.2
FR;69;2021-06-22;6853;50969;3043400;2320695;78.0;59.5
FR;69;2021-06-23;5808;36951;3049208;2357646;78.1;60.4
FR;69;2021-06-24;7541;39217;3056749;2396863;78.3;61.4
FR;69;2021-06-25;6425;47322;3063174;2444185;78.5;62.6
FR;69;2021-06-26;2824;19973;3065998;2464158;78.6;63.2
FR;69;2021-06-27;628;4696;3066626;2468854;78.6;63.3
FR;74;2020-12-27;1;0;1;0;0.0;0.0
FR;74;2020-12-28;7;0;8;0;0.0;0.0
FR;74;2020-12-29;5;0;13;0;0.0;0.0
FR;74;2020-12-30;12;0;25;0;0.0;0.0
FR;74;2020-12-31;8;0;33;0;0.0;0.0
FR;74;2021-01-01;5;0;38;0;0.0;0.0
FR;74;2021-01-02;3;0;41;0;0.0;0.0
FR;74;2021-01-03;13;0;54;0;0.0;0.0
FR;74;2021-01-04;89;1;143;1;0.0;0.0
FR;74;2021-01-05;301;0;444;1;0.0;0.0
FR;74;2021-01-06;555;1;999;2;0.0;0.0
FR;74;2021-01-07;1471;0;2470;2;0.1;0.0
FR;74;2021-01-08;1814;4;4284;6;0.1;0.0
FR;74;2021-01-09;801;1;5085;7;0.1;0.0
FR;74;2021-01-10;542;0;5627;7;0.2;0.0
FR;74;2021-01-11;2140;2;7767;9;0.2;0.0
FR;74;2021-01-12;3168;7;10935;16;0.3;0.0
FR;74;2021-01-13;3227;8;14162;24;0.4;0.0
FR;74;2021-01-14;3975;42;18137;66;0.5;0.0
FR;74;2021-01-15;3551;11;21688;77;0.6;0.0
FR;74;2021-01-16;1344;5;23032;82;0.7;0.0
FR;74;2021-01-17;766;4;23798;86;0.7;0.0
FR;74;2021-01-18;4736;14;28534;100;0.8;0.0
FR;74;2021-01-19;6837;14;35371;114;1.0;0.0
FR;74;2021-01-20;7126;12;42497;126;1.2;0.0
FR;74;2021-01-21;8226;30;50723;156;1.5;0.0
FR;74;2021-01-22;6572;22;57295;178;1.6;0.0
FR;74;2021-01-23;2265;4;59560;182;1.7;0.0
FR;74;2021-01-24;613;2;60173;184;1.7;0.0
FR;74;2021-01-25;4553;57;64726;241;1.9;0.0
FR;74;2021-01-26;5647;153;70373;394;2.0;0.0
FR;74;2021-01-27;5998;273;76371;667;2.2;0.0
FR;74;2021-01-28;6997;754;83368;1421;2.4;0.0
FR;74;2021-01-29;5751;902;89119;2323;2.6;0.1
FR;74;2021-01-30;1774;264;90893;2587;2.6;0.1
FR;74;2021-01-31;296;114;91189;2701;2.6;0.1
FR;74;2021-02-01;3303;1065;94492;3766;2.7;0.1
FR;74;2021-02-02;4314;1789;98806;5555;2.8;0.2
FR;74;2021-02-03;4327;1809;103133;7364;3.0;0.2
FR;74;2021-02-04;5192;2469;108325;9833;3.1;0.3
FR;74;2021-02-05;4407;2182;112732;12015;3.2;0.3
FR;74;2021-02-06;1414;695;114146;12710;3.3;0.4
FR;74;2021-02-07;243;351;114389;13061;3.3;0.4
FR;74;2021-02-08;3095;2508;117484;15569;3.4;0.4
FR;74;2021-02-09;4130;3731;121614;19300;3.5;0.6
FR;74;2021-02-10;4435;3820;126049;23120;3.6;0.7
FR;74;2021-02-11;5652;5479;131701;28599;3.8;0.8
FR;74;2021-02-12;5287;3823;136988;32422;3.9;0.9
FR;74;2021-02-13;1658;1219;138646;33641;4.0;1.0
FR;74;2021-02-14;408;472;139054;34113;4.0;1.0
FR;74;2021-02-15;2410;4185;141464;38298;4.1;1.1
FR;74;2021-02-16;3278;5637;144742;43935;4.2;1.3
FR;74;2021-02-17;3402;5458;148144;49393;4.3;1.4
FR;74;2021-02-18;4957;6820;153101;56213;4.4;1.6
FR;74;2021-02-19;4896;5422;157997;61635;4.5;1.8
FR;74;2021-02-20;1559;1741;159556;63376;4.6;1.8
FR;74;2021-02-21;233;415;159789;63791;4.6;1.8
FR;74;2021-02-22;2885;4294;162674;68085;4.7;2.0
FR;74;2021-02-23;4159;4904;166833;72989;4.8;2.1
FR;74;2021-02-24;4540;4851;171373;77840;4.9;2.2
FR;74;2021-02-25;5552;5707;176925;83547;5.1;2.4
FR;74;2021-02-26;5513;4491;182438;88038;5.2;2.5
FR;74;2021-02-27;2041;1370;184479;89408;5.3;2.6
FR;74;2021-02-28;531;294;185010;89702;5.3;2.6
FR;74;2021-03-01;5095;3382;190105;93084;5.5;2.7
FR;74;2021-03-02;7487;4302;197592;97386;5.7;2.8
FR;74;2021-03-03;9752;4293;207344;101679;6.0;2.9
FR;74;2021-03-04;15164;4872;222508;106551;6.4;3.1
FR;74;2021-03-05;21783;4685;244291;111236;7.0;3.2
FR;74;2021-03-06;31459;1549;275750;112785;7.9;3.2
FR;74;2021-03-07;21040;647;296790;113432;8.5;3.3
FR;74;2021-03-08;14303;3733;311093;117165;8.9;3.4
FR;74;2021-03-09;24163;4319;335256;121484;9.6;3.5
FR;74;2021-03-10;26426;4517;361682;126001;10.4;3.6
FR;74;2021-03-11;38469;5496;400151;131497;11.5;3.8
FR;74;2021-03-12;50836;4923;450987;136420;13.0;3.9
FR;74;2021-03-13;48071;1754;499058;138174;14.3;4.0
FR;74;2021-03-14;12005;479;511063;138653;14.7;4.0
FR;74;2021-03-15;25644;3234;536707;141887;15.4;4.1
FR;74;2021-03-16;20081;3903;556788;145790;16.0;4.2
FR;74;2021-03-17;21865;3948;578653;149738;16.6;4.3
FR;74;2021-03-18;24492;4597;603145;154335;17.3;4.4
FR;74;2021-03-19;41522;4109;644667;158444;18.5;4.6
FR;74;2021-03-20;35504;1672;680171;160116;19.6;4.6
FR;74;2021-03-21;9479;439;689650;160555;19.8;4.6
FR;74;2021-03-22;31583;3988;721233;164543;20.7;4.7
FR;74;2021-03-23;50306;4964;771539;169507;22.2;4.9
FR;74;2021-03-24;52267;5341;823806;174848;23.7;5.0
FR;74;2021-03-25;75008;5783;898814;180631;25.8;5.2
FR;74;2021-03-26;81014;5465;979828;186096;28.2;5.4
FR;74;2021-03-27;51163;2532;1030991;188628;29.6;5.4
FR;74;2021-03-28;17820;787;1048811;189415;30.2;5.4
FR;74;2021-03-29;56152;7023;1104963;196438;31.8;5.6
FR;74;2021-03-30;76640;8957;1181603;205395;34.0;5.9
FR;74;2021-03-31;68027;9501;1249630;214896;35.9;6.2
FR;74;2021-04-01;78470;11903;1328100;226799;38.2;6.5
FR;74;2021-04-02;70063;12457;1398163;239256;40.2;6.9
FR;74;2021-04-03;37203;8535;1435366;247791;41.3;7.1
FR;74;2021-04-04;12507;2812;1447873;250603;41.6;7.2
FR;74;2021-04-05;19210;1917;1467083;252520;42.2;7.3
FR;74;2021-04-06;64449;15248;1531532;267768;44.0;7.7
FR;74;2021-04-07;72682;16109;1604214;283877;46.1;8.2
FR;74;2021-04-08;87710;18047;1691924;301924;48.6;8.7
FR;74;2021-04-09;97389;17891;1789313;319815;51.4;9.2
FR;74;2021-04-10;48639;14129;1837952;333944;52.8;9.6
FR;74;2021-04-11;12709;6846;1850661;340790;53.2;9.8
FR;74;2021-04-12;60930;17802;1911591;358592;55.0;10.3
FR;74;2021-04-13;68761;22286;1980352;380878;56.9;11.0
FR;74;2021-04-14;60172;21859;2040524;402737;58.7;11.6
FR;74;2021-04-15;61998;23806;2102522;426543;60.4;12.3
FR;74;2021-04-16;52341;24385;2154863;450928;62.0;13.0
FR;74;2021-04-17;25753;16849;2180616;467777;62.7;13.4
FR;74;2021-04-18;5750;6975;2186366;474752;62.9;13.6
FR;74;2021-04-19;31748;24348;2218114;499100;63.8;14.3
FR;74;2021-04-20;36324;29626;2254438;528726;64.8;15.2
FR;74;2021-04-21;33397;30243;2287835;558969;65.8;16.1
FR;74;2021-04-22;38135;35231;2325970;594200;66.9;17.1
FR;74;2021-04-23;34887;38825;2360857;633025;67.9;18.2
FR;74;2021-04-24;18657;30735;2379514;663760;68.4;19.1
FR;74;2021-04-25;6144;12566;2385658;676326;68.6;19.4
FR;74;2021-04-26;26764;46881;2412422;723207;69.4;20.8
FR;74;2021-04-27;33074;56071;2445496;779278;70.3;22.4
FR;74;2021-04-28;32655;52838;2478151;832116;71.2;23.9
FR;74;2021-04-29;38764;53990;2516915;886106;72.4;25.5
FR;74;2021-04-30;35063;49152;2551978;935258;73.4;26.9
FR;74;2021-05-01;11101;15156;2563079;950414;73.7;27.3
FR;74;2021-05-02;5180;11400;2568259;961814;73.8;27.7
FR;74;2021-05-03;24221;52134;2592480;1013948;74.5;29.2
FR;74;2021-05-04;25159;69247;2617639;1083195;75.3;31.1
FR;74;2021-05-05;22734;64919;2640373;1148114;75.9;33.0
FR;74;2021-05-06;27408;63278;2667781;1211392;76.7;34.8
FR;74;2021-05-07;23308;66011;2691089;1277403;77.4;36.7
FR;74;2021-05-08;8255;14324;2699344;1291727;77.6;37.1
FR;74;2021-05-09;3689;10477;2703033;1302204;77.7;37.4
FR;74;2021-05-10;16131;63071;2719164;1365275;78.2;39.3
FR;74;2021-05-11;21005;64117;2740169;1429392;78.8;41.1
FR;74;2021-05-12;18516;53183;2758685;1482575;79.3;42.6
FR;74;2021-05-13;9111;12106;2767796;1494681;79.6;43.0
FR;74;2021-05-14;17015;37783;2784811;1532464;80.1;44.1
FR;74;2021-05-15;8407;17589;2793218;1550053;80.3;44.6
FR;74;2021-05-16;3001;3503;2796219;1553556;80.4;44.7
FR;74;2021-05-17;12272;30820;2808491;1584376;80.7;45.5
FR;74;2021-05-18;15501;30497;2823992;1614873;81.2;46.4
FR;74;2021-05-19;14065;25399;2838057;1640272;81.6;47.2
FR;74;2021-05-20;16061;27703;2854118;1667975;82.1;48.0
FR;74;2021-05-21;13392;30706;2867510;1698681;82.4;48.8
FR;74;2021-05-22;5776;14228;2873286;1712909;82.6;49.2
FR;74;2021-05-23;1857;2383;2875143;1715292;82.7;49.3
FR;74;2021-05-24;4645;5732;2879788;1721024;82.8;49.5
FR;74;2021-05-25;10632;35195;2890420;1756219;83.1;50.5
FR;74;2021-05-26;10039;32947;2900459;1789166;83.4;51.4
FR;74;2021-05-27;11862;39438;2912321;1828604;83.7;52.6
FR;74;2021-05-28;11260;45051;2923581;1873655;84.1;53.9
FR;74;2021-05-29;4757;24310;2928338;1897965;84.2;54.6
FR;74;2021-05-30;1043;4238;2929381;1902203;84.2;54.7
FR;74;2021-05-31;7572;29837;2936953;1932040;84.4;55.5
FR;74;2021-06-01;10297;40169;2947250;1972209;84.7;56.7
FR;74;2021-06-02;8478;34095;2955728;2006304;85.0;57.7
FR;74;2021-06-03;10557;42327;2966285;2048631;85.3;58.9
FR;74;2021-06-04;9710;48042;2975995;2096673;85.6;60.3
FR;74;2021-06-05;4058;25150;2980053;2121823;85.7;61.0
FR;74;2021-06-06;934;4684;2980987;2126507;85.7;61.1
FR;74;2021-06-07;6139;31630;2987126;2158137;85.9;62.0
FR;74;2021-06-08;8686;38114;2995812;2196251;86.1;63.1
FR;74;2021-06-09;7640;32505;3003452;2228756;86.3;64.1
FR;74;2021-06-10;8975;37902;3012427;2266658;86.6;65.2
FR;74;2021-06-11;8212;46572;3020639;2313230;86.8;66.5
FR;74;2021-06-12;3650;20550;3024289;2333780;86.9;67.1
FR;74;2021-06-13;849;4157;3025138;2337937;87.0;67.2
FR;74;2021-06-14;4986;34080;3030124;2372017;87.1;68.2
FR;74;2021-06-15;6910;42643;3037034;2414660;87.3;69.4
FR;74;2021-06-16;5645;33280;3042679;2447940;87.5;70.4
FR;74;2021-06-17;6990;40736;3049669;2488676;87.7;71.5
FR;74;2021-06-18;5899;43647;3055568;2532323;87.8;72.8
FR;74;2021-06-19;2523;15763;3058091;2548086;87.9;73.3
FR;74;2021-06-20;470;2797;3058561;2550883;87.9;73.3
FR;74;2021-06-21;3562;25094;3062123;2575977;88.0;74.1
FR;74;2021-06-22;4787;32910;3066910;2608887;88.2;75.0
FR;74;2021-06-23;4268;23642;3071178;2632529;88.3;75.7
FR;74;2021-06-24;5260;26265;3076438;2658794;88.4;76.4
FR;74;2021-06-25;4611;30592;3081049;2689386;88.6;77.3
FR;74;2021-06-26;2038;12177;3083087;2701563;88.6;77.7
FR;74;2021-06-27;469;2639;3083556;2704202;88.7;77.7
FR;79;2020-12-27;1;0;1;0;0.0;0.0
FR;79;2020-12-28;6;0;7;0;0.0;0.0
FR;79;2020-12-29;16;0;23;0;0.0;0.0
FR;79;2020-12-30;12;0;35;0;0.0;0.0
FR;79;2020-12-31;6;0;41;0;0.0;0.0
FR;79;2021-01-01;6;0;47;0;0.0;0.0
FR;79;2021-01-02;4;0;51;0;0.0;0.0
FR;79;2021-01-03;2;0;53;0;0.0;0.0
FR;79;2021-01-04;50;0;103;0;0.0;0.0
FR;79;2021-01-05;173;0;276;0;0.0;0.0
FR;79;2021-01-06;342;1;618;1;0.0;0.0
FR;79;2021-01-07;911;0;1529;1;0.1;0.0
FR;79;2021-01-08;1090;1;2619;2;0.1;0.0
FR;79;2021-01-09;366;0;2985;2;0.1;0.0
FR;79;2021-01-10;196;0;3181;2;0.1;0.0
FR;79;2021-01-11;1169;3;4350;5;0.2;0.0
FR;79;2021-01-12;2217;2;6567;7;0.3;0.0
FR;79;2021-01-13;2767;2;9334;9;0.4;0.0
FR;79;2021-01-14;4453;36;13787;45;0.6;0.0
FR;79;2021-01-15;5280;18;19067;63;0.9;0.0
FR;79;2021-01-16;2833;14;21900;77;1.0;0.0
FR;79;2021-01-17;1311;3;23211;80;1.0;0.0
FR;79;2021-01-18;19702;40;42913;120;1.9;0.0
FR;79;2021-01-19;26097;42;69010;162;3.1;0.0
FR;79;2021-01-20;28102;34;97112;196;4.4;0.0
FR;79;2021-01-21;30122;45;127234;241;5.7;0.0
FR;79;2021-01-22;28003;41;155237;282;7.0;0.0
FR;79;2021-01-23;11691;13;166928;295;7.5;0.0
FR;79;2021-01-24;2173;4;169101;299;7.6;0.0
FR;79;2021-01-25;22600;52;191701;351;8.6;0.0
FR;79;2021-01-26;25784;127;217485;478;9.8;0.0
FR;79;2021-01-27;25062;205;242547;683;10.9;0.0
FR;79;2021-01-28;25249;568;267796;1251;12.1;0.1
FR;79;2021-01-29;22576;574;290372;1825;13.1;0.1
FR;79;2021-01-30;8795;139;299167;1964;13.5;0.1
FR;79;2021-01-31;1235;55;300402;2019;13.5;0.1
FR;79;2021-02-01;16202;651;316604;2670;14.3;0.1
FR;79;2021-02-02;19325;1282;335929;3952;15.2;0.2
FR;79;2021-02-03;18337;1595;354266;5547;16.0;0.3
FR;79;2021-02-04;19226;2541;373492;8088;16.8;0.4
FR;79;2021-02-05;18079;2694;391571;10782;17.7;0.5
FR;79;2021-02-06;6467;1012;398038;11794;18.0;0.5
FR;79;2021-02-07;870;392;398908;12186;18.0;0.5
FR;79;2021-02-08;13127;5824;412035;18010;18.6;0.8
FR;79;2021-02-09;15598;7685;427633;25695;19.3;1.2
FR;79;2021-02-10;15473;8065;443106;33760;20.0;1.5
FR;79;2021-02-11;16551;9626;459657;43386;20.7;2.0
FR;79;2021-02-12;15705;9433;475362;52819;21.4;2.4
FR;79;2021-02-13;5017;4129;480379;56948;21.7;2.6
FR;79;2021-02-14;907;1045;481286;57993;21.7;2.6
FR;79;2021-02-15;7140;19837;488426;77830;22.0;3.5
FR;79;2021-02-16;8361;23645;496787;101475;22.4;4.6
FR;79;2021-02-17;8262;24041;505049;125516;22.8;5.7
FR;79;2021-02-18;10342;24443;515391;149959;23.2;6.8
FR;79;2021-02-19;10346;20781;525737;170740;23.7;7.7
FR;79;2021-02-20;3783;8318;529520;179058;23.9;8.1
FR;79;2021-02-21;549;1559;530069;180617;23.9;8.1
FR;79;2021-02-22;7006;21899;537075;202516;24.2;9.1
FR;79;2021-02-23;9664;23581;546739;226097;24.7;10.2
FR;79;2021-02-24;10072;22223;556811;248320;25.1;11.2
FR;79;2021-02-25;11729;22118;568540;270438;25.6;12.2
FR;79;2021-02-26;12091;19143;580631;289581;26.2;13.1
FR;79;2021-02-27;4435;6745;585066;296326;26.4;13.4
FR;79;2021-02-28;877;1039;585943;297365;26.4;13.4
FR;79;2021-03-01;12149;16486;598092;313851;27.0;14.2
FR;79;2021-03-02;16350;19300;614442;333151;27.7;15.0
FR;79;2021-03-03;17776;18583;632218;351734;28.5;15.9
FR;79;2021-03-04;20987;17733;653205;369467;29.5;16.7
FR;79;2021-03-05;22511;16542;675716;386009;30.5;17.4
FR;79;2021-03-06;29098;5486;704814;391495;31.8;17.7
FR;79;2021-03-07;21098;1118;725912;392613;32.7;17.7
FR;79;2021-03-08;17408;15388;743320;408001;33.5;18.4
FR;79;2021-03-09;25800;16515;769120;424516;34.7;19.1
FR;79;2021-03-10;26921;15677;796041;440193;35.9;19.9
FR;79;2021-03-11;31917;15221;827958;455414;37.3;20.5
FR;79;2021-03-12;33447;13047;861405;468461;38.8;21.1
FR;79;2021-03-13;25423;4306;886828;472767;40.0;21.3
FR;79;2021-03-14;9487;800;896315;473567;40.4;21.4
FR;79;2021-03-15;28547;8786;924862;482353;41.7;21.8
FR;79;2021-03-16;32854;9361;957716;491714;43.2;22.2
FR;79;2021-03-17;33843;9331;991559;501045;44.7;22.6
FR;79;2021-03-18;36734;9830;1028293;510875;46.4;23.0
FR;79;2021-03-19;36772;8950;1065065;519825;48.0;23.4
FR;79;2021-03-20;20705;3344;1085770;523169;49.0;23.6
FR;79;2021-03-21;5877;614;1091647;523783;49.2;23.6
FR;79;2021-03-22;28618;9250;1120265;533033;50.5;24.0
FR;79;2021-03-23;37088;10860;1157353;543893;52.2;24.5
FR;79;2021-03-24;35573;11421;1192926;555314;53.8;25.0
FR;79;2021-03-25;41975;11197;1234901;566511;55.7;25.5
FR;79;2021-03-26;39429;10518;1274330;577029;57.5;26.0
FR;79;2021-03-27;17662;4447;1291992;581476;58.3;26.2
FR;79;2021-03-28;4798;918;1296790;582394;58.5;26.3
FR;79;2021-03-29;22296;15030;1319086;597424;59.5;26.9
FR;79;2021-03-30;28058;18958;1347144;616382;60.8;27.8
FR;79;2021-03-31;24700;19785;1371844;636167;61.9;28.7
FR;79;2021-04-01;27200;23235;1399044;659402;63.1;29.7
FR;79;2021-04-02;23085;24487;1422129;683889;64.1;30.8
FR;79;2021-04-03;10019;17377;1432148;701266;64.6;31.6
FR;79;2021-04-04;2802;5070;1434950;706336;64.7;31.9
FR;79;2021-04-05;4187;2760;1439137;709096;64.9;32.0
FR;79;2021-04-06;19000;28989;1458137;738085;65.8;33.3
FR;79;2021-04-07;21068;29877;1479205;767962;66.7;34.6
FR;79;2021-04-08;24994;29966;1504199;797928;67.8;36.0
FR;79;2021-04-09;26844;28135;1531043;826063;69.0;37.3
FR;79;2021-04-10;13582;18954;1544625;845017;69.7;38.1
FR;79;2021-04-11;3488;6458;1548113;851475;69.8;38.4
FR;79;2021-04-12;16746;28921;1564859;880396;70.6;39.7
FR;79;2021-04-13;19121;35035;1583980;915431;71.4;41.3
FR;79;2021-04-14;18182;33165;1602162;948596;72.3;42.8
FR;79;2021-04-15;19102;33356;1621264;981952;73.1;44.3
FR;79;2021-04-16;16244;31062;1637508;1013014;73.9;45.7
FR;79;2021-04-17;8158;16709;1645666;1029723;74.2;46.4
FR;79;2021-04-18;1769;4834;1647435;1034557;74.3;46.7
FR;79;2021-04-19;9844;29175;1657279;1063732;74.7;48.0
FR;79;2021-04-20;11703;34448;1668982;1098180;75.3;49.5
FR;79;2021-04-21;11299;31216;1680281;1129396;75.8;50.9
FR;79;2021-04-22;12852;31101;1693133;1160497;76.4;52.3
FR;79;2021-04-23;11909;27696;1705042;1188193;76.9;53.6
FR;79;2021-04-24;6157;13720;1711199;1201913;77.2;54.2
FR;79;2021-04-25;1913;3429;1713112;1205342;77.3;54.4
FR;79;2021-04-26;8948;20607;1722060;1225949;77.7;55.3
FR;79;2021-04-27;11077;23677;1733137;1249626;78.2;56.4
FR;79;2021-04-28;11594;20916;1744731;1270542;78.7;57.3
FR;79;2021-04-29;13663;20680;1758394;1291222;79.3;58.2
FR;79;2021-04-30;12823;17612;1771217;1308834;79.9;59.0
FR;79;2021-05-01;3819;3922;1775036;1312756;80.1;59.2
FR;79;2021-05-02;1744;2619;1776780;1315375;80.1;59.3
FR;79;2021-05-03;8608;15114;1785388;1330489;80.5;60.0
FR;79;2021-05-04;8940;20148;1794328;1350637;80.9;60.9
FR;79;2021-05-05;8425;18973;1802753;1369610;81.3;61.8
FR;79;2021-05-06;10261;18771;1813014;1388381;81.8;62.6
FR;79;2021-05-07;8967;19462;1821981;1407843;82.2;63.5
FR;79;2021-05-08;3092;4294;1825073;1412137;82.3;63.7
FR;79;2021-05-09;1384;2989;1826457;1415126;82.4;63.8
FR;79;2021-05-10;6173;17476;1832630;1432602;82.7;64.6
FR;79;2021-05-11;8007;18547;1840637;1451149;83.0;65.4
FR;79;2021-05-12;7297;15784;1847934;1466933;83.3;66.2
FR;79;2021-05-13;3508;3785;1851442;1470718;83.5;66.3
FR;79;2021-05-14;6784;11374;1858226;1482092;83.8;66.8
FR;79;2021-05-15;3304;5095;1861530;1487187;84.0;67.1
FR;79;2021-05-16;1145;1153;1862675;1488340;84.0;67.1
FR;79;2021-05-17;4931;8996;1867606;1497336;84.2;67.5
FR;79;2021-05-18;6111;9135;1873717;1506471;84.5;67.9
FR;79;2021-05-19;5705;7953;1879422;1514424;84.8;68.3
FR;79;2021-05-20;6588;8089;1886010;1522513;85.1;68.7
FR;79;2021-05-21;5604;8736;1891614;1531249;85.3;69.1
FR;79;2021-05-22;2405;3806;1894019;1535055;85.4;69.2
FR;79;2021-05-23;728;789;1894747;1535844;85.5;69.3
FR;79;2021-05-24;1833;1601;1896580;1537445;85.5;69.3
FR;79;2021-05-25;4357;10186;1900937;1547631;85.7;69.8
FR;79;2021-05-26;4300;9499;1905237;1557130;85.9;70.2
FR;79;2021-05-27;5197;10944;1910434;1568074;86.2;70.7
FR;79;2021-05-28;4714;12372;1915148;1580446;86.4;71.3
FR;79;2021-05-29;2041;6663;1917189;1587109;86.5;71.6
FR;79;2021-05-30;435;1253;1917624;1588362;86.5;71.6
FR;79;2021-05-31;3183;9028;1920807;1597390;86.6;72.0
FR;79;2021-06-01;4406;11093;1925213;1608483;86.8;72.5
FR;79;2021-06-02;3845;9707;1929058;1618190;87.0;73.0
FR;79;2021-06-03;4767;11233;1933825;1629423;87.2;73.5
FR;79;2021-06-04;4271;12685;1938096;1642108;87.4;74.1
FR;79;2021-06-05;1920;6455;1940016;1648563;87.5;74.3
FR;79;2021-06-06;431;1438;1940447;1650001;87.5;74.4
FR;79;2021-06-07;2677;10029;1943124;1660030;87.6;74.9
FR;79;2021-06-08;3757;11680;1946881;1671710;87.8;75.4
FR;79;2021-06-09;3320;10087;1950201;1681797;88.0;75.8
FR;79;2021-06-10;3892;11081;1954093;1692878;88.1;76.3
FR;79;2021-06-11;3646;13191;1957739;1706069;88.3;76.9
FR;79;2021-06-12;1653;5620;1959392;1711689;88.4;77.2
FR;79;2021-06-13;311;1316;1959703;1713005;88.4;77.3
FR;79;2021-06-14;2014;11095;1961717;1724100;88.5;77.8
FR;79;2021-06-15;2887;12663;1964604;1736763;88.6;78.3
FR;79;2021-06-16;2463;9955;1967067;1746718;88.7;78.8
FR;79;2021-06-17;2868;11225;1969935;1757943;88.8;79.3
FR;79;2021-06-18;2689;12319;1972624;1770262;89.0;79.8
FR;79;2021-06-19;1168;4472;1973792;1774734;89.0;80.0
FR;79;2021-06-20;206;930;1973998;1775664;89.0;80.1
FR;79;2021-06-21;1546;8153;1975544;1783817;89.1;80.4
FR;79;2021-06-22;2109;10164;1977653;1793981;89.2;80.9
FR;79;2021-06-23;1922;7622;1979575;1801603;89.3;81.3
FR;79;2021-06-24;2407;7680;1981982;1809283;89.4;81.6
FR;79;2021-06-25;2263;9216;1984245;1818499;89.5;82.0
FR;79;2021-06-26;942;3821;1985187;1822320;89.5;82.2
FR;79;2021-06-27;186;966;1985373;1823286;89.5;82.2
FR;80;2020-12-27;10;2;10;2;0.0;0.0
FR;80;2020-12-28;41;0;51;2;0.0;0.0
FR;80;2020-12-29;78;0;129;2;0.0;0.0
FR;80;2020-12-30;69;0;198;2;0.0;0.0
FR;80;2020-12-31;50;0;248;2;0.0;0.0
FR;80;2021-01-01;10;0;258;2;0.0;0.0
FR;80;2021-01-02;9;0;267;2;0.0;0.0
FR;80;2021-01-03;2;0;269;2;0.0;0.0
FR;80;2021-01-04;297;1;566;3;0.0;0.0
FR;80;2021-01-05;913;2;1479;5;0.0;0.0
FR;80;2021-01-06;1675;2;3154;7;0.1;0.0
FR;80;2021-01-07;6352;5;9506;12;0.2;0.0
FR;80;2021-01-08;5785;11;15291;23;0.4;0.0
FR;80;2021-01-09;979;0;16270;23;0.4;0.0
FR;80;2021-01-10;311;0;16581;23;0.4;0.0
FR;80;2021-01-11;4469;10;21050;33;0.5;0.0
FR;80;2021-01-12;12759;18;33809;51;0.8;0.0
FR;80;2021-01-13;12501;19;46310;70;1.1;0.0
FR;80;2021-01-14;18300;112;64610;182;1.6;0.0
FR;80;2021-01-15;12188;34;76798;216;1.8;0.0
FR;80;2021-01-16;4055;34;80853;250;1.9;0.0
FR;80;2021-01-17;3746;20;84599;270;2.0;0.0
FR;80;2021-01-18;28785;74;113384;344;2.7;0.0
FR;80;2021-01-19;53866;115;167250;459;4.0;0.0
FR;80;2021-01-20;59578;134;226828;593;5.5;0.0
FR;80;2021-01-21;70052;101;296880;694;7.1;0.0
FR;80;2021-01-22;48470;80;345350;774;8.3;0.0
FR;80;2021-01-23;16247;14;361597;788;8.7;0.0
FR;80;2021-01-24;4317;3;365914;791;8.8;0.0
FR;80;2021-01-25;32478;162;398392;953;9.6;0.0
FR;80;2021-01-26;45166;547;443558;1500;10.7;0.0
FR;80;2021-01-27;50937;902;494495;2402;11.9;0.1
FR;80;2021-01-28;60116;3959;554611;6361;13.3;0.2
FR;80;2021-01-29;39389;3288;594000;9649;14.3;0.2
FR;80;2021-01-30;13251;595;607251;10244;14.6;0.2
FR;80;2021-01-31;2338;288;609589;10532;14.7;0.3
FR;80;2021-02-01;23043;2796;632632;13328;15.2;0.3
FR;80;2021-02-02;33554;7438;666186;20766;16.0;0.5
FR;80;2021-02-03;34457;7884;700643;28650;16.9;0.7
FR;80;2021-02-04;38120;12595;738763;41245;17.8;1.0
FR;80;2021-02-05;29824;9542;768587;50787;18.5;1.2
FR;80;2021-02-06;9713;2129;778300;52916;18.7;1.3
FR;80;2021-02-07;1450;1868;779750;54784;18.8;1.3
FR;80;2021-02-08;19379;11149;799129;65933;19.2;1.6
FR;80;2021-02-09;25928;25617;825057;91550;19.8;2.2
FR;80;2021-02-10;26342;28935;851399;120485;20.5;2.9
FR;80;2021-02-11;30568;38133;881967;158618;21.2;3.8
FR;80;2021-02-12;26767;24687;908734;183305;21.9;4.4
FR;80;2021-02-13;7943;6531;916677;189836;22.0;4.6
FR;80;2021-02-14;1508;3101;918185;192937;22.1;4.6
FR;80;2021-02-15;11141;28317;929326;221254;22.4;5.3
FR;80;2021-02-16;15566;38948;944892;260202;22.7;6.3
FR;80;2021-02-17;15961;44500;960853;304702;23.1;7.3
FR;80;2021-02-18;21582;52531;982435;357233;23.6;8.6
FR;80;2021-02-19;19073;37512;1001508;394745;24.1;9.5
FR;80;2021-02-20;6322;12332;1007830;407077;24.2;9.8
FR;80;2021-02-21;913;2970;1008743;410047;24.3;9.9
FR;80;2021-02-22;11189;30706;1019932;440753;24.5;10.6
FR;80;2021-02-23;17117;37290;1037049;478043;24.9;11.5
FR;80;2021-02-24;18012;37098;1055061;515141;25.4;12.4
FR;80;2021-02-25;22365;40885;1077426;556026;25.9;13.4
FR;80;2021-02-26;20580;30948;1098006;586974;26.4;14.1
FR;80;2021-02-27;7188;10289;1105194;597263;26.6;14.4
FR;80;2021-02-28;1262;2120;1106456;599383;26.6;14.4
FR;80;2021-03-01;18810;23225;1125266;622608;27.1;15.0
FR;80;2021-03-02;26924;29135;1152190;651743;27.7;15.7
FR;80;2021-03-03;28756;29288;1180946;681031;28.4;16.4
FR;80;2021-03-04;35001;29747;1215947;710778;29.2;17.1
FR;80;2021-03-05;35923;27538;1251870;738316;30.1;17.8
FR;80;2021-03-06;41423;8417;1293293;746733;31.1;18.0
FR;80;2021-03-07;29723;2099;1323016;748832;31.8;18.0
FR;80;2021-03-08;27206;22539;1350222;771371;32.5;18.6
FR;80;2021-03-09;40781;24722;1391003;796093;33.5;19.1
FR;80;2021-03-10;43160;25434;1434163;821527;34.5;19.8
FR;80;2021-03-11;51700;26955;1485863;848482;35.7;20.4
FR;80;2021-03-12;52193;23043;1538056;871525;37.0;21.0
FR;80;2021-03-13;37566;7057;1575622;878582;37.9;21.1
FR;80;2021-03-14;13907;1542;1589529;880124;38.2;21.2
FR;80;2021-03-15;44132;13984;1633661;894108;39.3;21.5
FR;80;2021-03-16;51843;17095;1685504;911203;40.5;21.9
FR;80;2021-03-17;54703;16599;1740207;927802;41.9;22.3
FR;80;2021-03-18;58562;18888;1798769;946690;43.3;22.8
FR;80;2021-03-19;57420;15788;1856189;962478;44.6;23.1
FR;80;2021-03-20;31045;5375;1887234;967853;45.4;23.3
FR;80;2021-03-21;8690;1104;1895924;968957;45.6;23.3
FR;80;2021-03-22;42892;14584;1938816;983541;46.6;23.7
FR;80;2021-03-23;55661;18082;1994477;1001623;48.0;24.1
FR;80;2021-03-24;54486;19117;2048963;1020740;49.3;24.5
FR;80;2021-03-25;64050;19654;2113013;1040394;50.8;25.0
FR;80;2021-03-26;60233;18313;2173246;1058707;52.3;25.5
FR;80;2021-03-27;26598;7379;2199844;1066086;52.9;25.6
FR;80;2021-03-28;6925;1457;2206769;1067543;53.1;25.7
FR;80;2021-03-29;32864;23416;2239633;1090959;53.9;26.2
FR;80;2021-03-30;43241;30779;2282874;1121738;54.9;27.0
FR;80;2021-03-31;40529;32114;2323403;1153852;55.9;27.8
FR;80;2021-04-01;46162;37771;2369565;1191623;57.0;28.7
FR;80;2021-04-02;37128;39762;2406693;1231385;57.9;29.6
FR;80;2021-04-03;14508;26101;2421201;1257486;58.2;30.2
FR;80;2021-04-04;3871;7575;2425072;1265061;58.3;30.4
FR;80;2021-04-05;5619;4087;2430691;1269148;58.5;30.5
FR;80;2021-04-06;27659;44972;2458350;1314120;59.1;31.6
FR;80;2021-04-07;33487;48413;2491837;1362533;59.9;32.8
FR;80;2021-04-08;40072;49547;2531909;1412080;60.9;34.0
FR;80;2021-04-09;43524;46368;2575433;1458448;61.9;35.1
FR;80;2021-04-10;19796;28890;2595229;1487338;62.4;35.8
FR;80;2021-04-11;4817;9362;2600046;1496700;62.5;36.0
FR;80;2021-04-12;23516;45160;2623562;1541860;63.1;37.1
FR;80;2021-04-13;30212;54638;2653774;1596498;63.8;38.4
FR;80;2021-04-14;29036;52153;2682810;1648651;64.5;39.7
FR;80;2021-04-15;31430;52666;2714240;1701317;65.3;40.9
FR;80;2021-04-16;26452;48999;2740692;1750316;65.9;42.1
FR;80;2021-04-17;12366;25608;2753058;1775924;66.2;42.7
FR;80;2021-04-18;2531;7622;2755589;1783546;66.3;42.9
FR;80;2021-04-19;14248;43671;2769837;1827217;66.6;43.9
FR;80;2021-04-20;17930;53044;2787767;1880261;67.0;45.2
FR;80;2021-04-21;17954;49778;2805721;1930039;67.5;46.4
FR;80;2021-04-22;20689;51210;2826410;1981249;68.0;47.7
FR;80;2021-04-23;19098;44604;2845508;2025853;68.4;48.7
FR;80;2021-04-24;9411;21201;2854919;2047054;68.7;49.2
FR;80;2021-04-25;2682;5153;2857601;2052207;68.7;49.4
FR;80;2021-04-26;12376;30577;2869977;2082784;69.0;50.1
FR;80;2021-04-27;16781;36406;2886758;2119190;69.4;51.0
FR;80;2021-04-28;17998;34592;2904756;2153782;69.9;51.8
FR;80;2021-04-29;21781;35655;2926537;2189437;70.4;52.7
FR;80;2021-04-30;20402;29567;2946939;2219004;70.9;53.4
FR;80;2021-05-01;5812;5818;2952751;2224822;71.0;53.5
FR;80;2021-05-02;2606;3857;2955357;2228679;71.1;53.6
FR;80;2021-05-03;12502;21387;2967859;2250066;71.4;54.1
FR;80;2021-05-04;13916;29959;2981775;2280025;71.7;54.8
FR;80;2021-05-05;13616;29301;2995391;2309326;72.0;55.5
FR;80;2021-05-06;15971;29516;3011362;2338842;72.4;56.3
FR;80;2021-05-07;14613;29764;3025975;2368606;72.8;57.0
FR;80;2021-05-08;4688;6047;3030663;2374653;72.9;57.1
FR;80;2021-05-09;1924;4142;3032587;2378795;72.9;57.2
FR;80;2021-05-10;9263;24338;3041850;2403133;73.2;57.8
FR;80;2021-05-11;12641;27199;3054491;2430332;73.5;58.5
FR;80;2021-05-12;11605;23574;3066096;2453906;73.7;59.0
FR;80;2021-05-13;4913;5411;3071009;2459317;73.9;59.1
FR;80;2021-05-14;10476;16381;3081485;2475698;74.1;59.5
FR;80;2021-05-15;4856;7333;3086341;2483031;74.2;59.7
FR;80;2021-05-16;1551;1526;3087892;2484557;74.3;59.8
FR;80;2021-05-17;7102;13108;3094994;2497665;74.4;60.1
FR;80;2021-05-18;9599;13477;3104593;2511142;74.7;60.4
FR;80;2021-05-19;8965;12083;3113558;2523225;74.9;60.7
FR;80;2021-05-20;10782;12628;3124340;2535853;75.1;61.0
FR;80;2021-05-21;8853;13054;3133193;2548907;75.4;61.3
FR;80;2021-05-22;3847;5193;3137040;2554100;75.4;61.4
FR;80;2021-05-23;1010;1132;3138050;2555232;75.5;61.5
FR;80;2021-05-24;2582;2224;3140632;2557456;75.5;61.5
FR;80;2021-05-25;6620;14213;3147252;2571669;75.7;61.9
FR;80;2021-05-26;6808;14201;3154060;2585870;75.9;62.2
FR;80;2021-05-27;8681;16797;3162741;2602667;76.1;62.6
FR;80;2021-05-28;8266;18060;3171007;2620727;76.3;63.0
FR;80;2021-05-29;3438;8815;3174445;2629542;76.3;63.2
FR;80;2021-05-30;637;1596;3175082;2631138;76.4;63.3
FR;80;2021-05-31;4975;12693;3180057;2643831;76.5;63.6
FR;80;2021-06-01;7290;16616;3187347;2660447;76.7;64.0
FR;80;2021-06-02;6365;14846;3193712;2675293;76.8;64.3
FR;80;2021-06-03;8439;16933;3202151;2692226;77.0;64.8
FR;80;2021-06-04;7571;18907;3209722;2711133;77.2;65.2
FR;80;2021-06-05;3358;9229;3213080;2720362;77.3;65.4
FR;80;2021-06-06;635;2042;3213715;2722404;77.3;65.5
FR;80;2021-06-07;4260;14091;3217975;2736495;77.4;65.8
FR;80;2021-06-08;6276;17354;3224251;2753849;77.5;66.2
FR;80;2021-06-09;5753;15426;3230004;2769275;77.7;66.6
FR;80;2021-06-10;7002;17013;3237006;2786288;77.9;67.0
FR;80;2021-06-11;6453;19791;3243459;2806079;78.0;67.5
FR;80;2021-06-12;2745;8272;3246204;2814351;78.1;67.7
FR;80;2021-06-13;495;2034;3246699;2816385;78.1;67.7
FR;80;2021-06-14;3185;15306;3249884;2831691;78.2;68.1
FR;80;2021-06-15;4807;18421;3254691;2850112;78.3;68.5
FR;80;2021-06-16;4348;15086;3259039;2865198;78.4;68.9
FR;80;2021-06-17;5334;17229;3264373;2882427;78.5;69.3
FR;80;2021-06-18;4809;18062;3269182;2900489;78.6;69.8
FR;80;2021-06-19;2057;6619;3271239;2907108;78.7;69.9
FR;80;2021-06-20;312;1307;3271551;2908415;78.7;69.9
FR;80;2021-06-21;2453;12031;3274004;2920446;78.7;70.2
FR;80;2021-06-22;3645;14914;3277649;2935360;78.8;70.6
FR;80;2021-06-23;3346;11974;3280995;2947334;78.9;70.9
FR;80;2021-06-24;4007;12641;3285002;2959975;79.0;71.2
FR;80;2021-06-25;3806;14558;3288808;2974533;79.1;71.5
FR;80;2021-06-26;1622;5955;3290430;2980488;79.1;71.7
FR;80;2021-06-27;288;1442;3290718;2981930;79.1;71.7
FR;0;2020-12-27;20;2;20;2;0.0;0.0
FR;0;2020-12-28;71;0;91;2;0.0;0.0
FR;0;2020-12-29;108;0;199;2;0.0;0.0
FR;0;2020-12-30;123;0;322;2;0.0;0.0
FR;0;2020-12-31;88;0;410;2;0.0;0.0
FR;0;2021-01-01;75;1;485;3;0.0;0.0
FR;0;2021-01-02;90;4;575;7;0.0;0.0
FR;0;2021-01-03;92;0;667;7;0.0;0.0
FR;0;2021-01-04;1481;7;2148;14;0.0;0.0
FR;0;2021-01-05;5420;22;7568;36;0.0;0.0
FR;0;2021-01-06;11328;36;18896;72;0.0;0.0
FR;0;2021-01-07;28671;71;47567;143;0.1;0.0
FR;0;2021-01-08;36333;90;83900;233;0.1;0.0
FR;0;2021-01-09;10950;20;94850;253;0.1;0.0
FR;0;2021-01-10;5648;10;100498;263;0.1;0.0
FR;0;2021-01-11;39151;113;139649;376;0.2;0.0
FR;0;2021-01-12;61070;178;200719;554;0.3;0.0
FR;0;2021-01-13;63975;220;264694;774;0.4;0.0
FR;0;2021-01-14;80108;749;344802;1523;0.5;0.0
FR;0;2021-01-15;67647;333;412449;1856;0.6;0.0
FR;0;2021-01-16;19769;142;432218;1998;0.6;0.0
FR;0;2021-01-17;10484;67;442702;2065;0.7;0.0
FR;0;2021-01-18;84550;362;527252;2427;0.8;0.0
FR;0;2021-01-19;128675;415;655927;2842;1.0;0.0
FR;0;2021-01-20;135445;415;791372;3257;1.2;0.0
FR;0;2021-01-21;155670;425;947042;3682;1.4;0.0
FR;0;2021-01-22;118957;428;1065999;4110;1.6;0.0
FR;0;2021-01-23;37890;87;1103889;4197;1.6;0.0
FR;0;2021-01-24;9377;45;1113266;4242;1.7;0.0
FR;0;2021-01-25;76967;1375;1190233;5617;1.8;0.0
FR;0;2021-01-26;98963;3307;1289196;8924;1.9;0.0
FR;0;2021-01-27;105791;5813;1394987;14737;2.1;0.0
FR;0;2021-01-28;122553;14682;1517540;29419;2.3;0.0
FR;0;2021-01-29;91016;17542;1608556;46961;2.4;0.1
FR;0;2021-01-30;28705;4284;1637261;51245;2.4;0.1
FR;0;2021-01-31;4881;1689;1642142;52934;2.4;0.1
FR;0;2021-02-01;51650;21245;1693792;74179;2.5;0.1
FR;0;2021-02-02;70777;34773;1764569;108952;2.6;0.2
FR;0;2021-02-03;71084;37200;1835653;146152;2.7;0.2
FR;0;2021-02-04;80711;50352;1916364;196504;2.9;0.3
FR;0;2021-02-05;67239;45575;1983603;242079;3.0;0.4
FR;0;2021-02-06;21364;10462;2004967;252541;3.0;0.4
FR;0;2021-02-07;4825;5098;2009792;257639;3.0;0.4
FR;0;2021-02-08;45955;46272;2055747;303911;3.1;0.5
FR;0;2021-02-09;64890;73036;2120637;376947;3.2;0.6
FR;0;2021-02-10;69375;77446;2190012;454393;3.3;0.7
FR;0;2021-02-11;85771;100270;2275783;554663;3.4;0.8
FR;0;2021-02-12;77884;75299;2353667;629962;3.5;0.9
FR;0;2021-02-13;21726;19684;2375393;649646;3.5;1.0
FR;0;2021-02-14;4599;7245;2379992;656891;3.5;1.0
FR;0;2021-02-15;37107;77153;2417099;734044;3.6;1.1
FR;0;2021-02-16;49258;101589;2466357;835633;3.7;1.2
FR;0;2021-02-17;49394;103802;2515751;939435;3.7;1.4
FR;0;2021-02-18;68144;119848;2583895;1059283;3.8;1.6
FR;0;2021-02-19;63914;91916;2647809;1151199;3.9;1.7
FR;0;2021-02-20;18027;28642;2665836;1179841;4.0;1.8
FR;0;2021-02-21;2868;6415;2668704;1186256;4.0;1.8
FR;0;2021-02-22;36599;73810;2705303;1260066;4.0;1.9
FR;0;2021-02-23;52725;84951;2758028;1345017;4.1;2.0
FR;0;2021-02-24;58204;82011;2816232;1427028;4.2;2.1
FR;0;2021-02-25;98918;93275;2915150;1520303;4.3;2.3
FR;0;2021-02-26;111932;72867;3027082;1593170;4.5;2.4
FR;0;2021-02-27;51276;22641;3078358;1615811;4.6;2.4
FR;0;2021-02-28;5690;4507;3084048;1620318;4.6;2.4
FR;0;2021-03-01;63747;53814;3147795;1674132;4.7;2.5
FR;0;2021-03-02;99484;67852;3247279;1741984;4.8;2.6
FR;0;2021-03-03;113969;67551;3361248;1809535;5.0;2.7
FR;0;2021-03-04;160870;71933;3522118;1881468;5.2;2.8
FR;0;2021-03-05;198384;67119;3720502;1948587;5.5;2.9
FR;0;2021-03-06;205669;20511;3926171;1969098;5.8;2.9
FR;0;2021-03-07;119986;7054;4046157;1976152;6.0;2.9
FR;0;2021-03-08;105144;52620;4151301;2028772;6.2;3.0
FR;0;2021-03-09;170091;59627;4321392;2088399;6.4;3.1
FR;0;2021-03-10;176144;60073;4497536;2148472;6.7;3.2
FR;0;2021-03-11;240004;67397;4737540;2215869;7.1;3.3
FR;0;2021-03-12;291698;58506;5029238;2274375;7.5;3.4
FR;0;2021-03-13;229087;18244;5258325;2292619;7.8;3.4
FR;0;2021-03-14;62343;4400;5320668;2297019;7.9;3.4
FR;0;2021-03-15;156303;35357;5476971;2332376;8.2;3.5
FR;0;2021-03-16;139550;41902;5616521;2374278;8.4;3.5
FR;0;2021-03-17;148355;41507;5764876;2415785;8.6;3.6
FR;0;2021-03-18;165435;48265;5930311;2464050;8.8;3.7
FR;0;2021-03-19;227271;42185;6157582;2506235;9.2;3.7
FR;0;2021-03-20;164991;14639;6322573;2520874;9.4;3.8
FR;0;2021-03-21;48801;3696;6371374;2524570;9.5;3.8
FR;0;2021-03-22;167530;37902;6538904;2562472;9.7;3.8
FR;0;2021-03-23;247407;47589;6786311;2610061;10.1;3.9
FR;0;2021-03-24;253964;49261;7040275;2659322;10.5;4.0
FR;0;2021-03-25;338626;52107;7378901;2711429;11.0;4.0
FR;0;2021-03-26;355811;49911;7734712;2761340;11.5;4.1
FR;0;2021-03-27;193551;20948;7928263;2782288;11.8;4.1
FR;0;2021-03-28;58409;5069;7986672;2787357;11.9;4.2
FR;0;2021-03-29;200848;58990;8187520;2846347;12.2;4.2
FR;0;2021-03-30;282628;76969;8470148;2923316;12.6;4.4
FR;0;2021-03-31;260202;80213;8730350;3003529;13.0;4.5
FR;0;2021-04-01;310953;97409;9041303;3100938;13.5;4.6
FR;0;2021-04-02;278469;100411;9319772;3201349;13.9;4.8
FR;0;2021-04-03;139454;65597;9459226;3266946;14.1;4.9
FR;0;2021-04-04;44937;20141;9504163;3287087;14.2;4.9
FR;0;2021-04-05;58846;12968;9563009;3300055;14.2;4.9
FR;0;2021-04-06;213871;114296;9776880;3414351;14.6;5.1
FR;0;2021-04-07;256775;123796;10033655;3538147;14.9;5.3
FR;0;2021-04-08;333561;133066;10367216;3671213;15.4;5.5
FR;0;2021-04-09;405914;129157;10773130;3800370;16.1;5.7
FR;0;2021-04-10;210428;89018;10983558;3889388;16.4;5.8
FR;0;2021-04-11;54950;36556;11038508;3925944;16.4;5.8
FR;0;2021-04-12;234276;122457;11272784;4048401;16.8;6.0
FR;0;2021-04-13;305900;154759;11578684;4203160;17.3;6.3
FR;0;2021-04-14;290274;149547;11868958;4352707;17.7;6.5
FR;0;2021-04-15;332395;159763;12201353;4512470;18.2;6.7
FR;0;2021-04-16;335868;156971;12537221;4669441;18.7;7.0
FR;0;2021-04-17;186649;96297;12723870;4765738;19.0;7.1
FR;0;2021-04-18;50482;37393;12774352;4803131;19.0;7.2
FR;0;2021-04-19;202997;145746;12977349;4948877;19.3;7.4
FR;0;2021-04-20;251150;180151;13228499;5129028;19.7;7.6
FR;0;2021-04-21;249719;178474;13478218;5307502;20.1;7.9
FR;0;2021-04-22;283757;199840;13761975;5507342;20.5;8.2
FR;0;2021-04-23;291499;196097;14053474;5703439;20.9;8.5
FR;0;2021-04-24;188301;120336;14241775;5823775;21.2;8.7
FR;0;2021-04-25;68435;42025;14310210;5865800;21.3;8.7
FR;0;2021-04-26;218202;167595;14528412;6033395;21.6;9.0
FR;0;2021-04-27;281334;208328;14809746;6241723;22.1;9.3
FR;0;2021-04-28;296346;205602;15106092;6447325;22.5;9.6
FR;0;2021-04-29;353418;227894;15459510;6675219;23.0;9.9
FR;0;2021-04-30;368502;221031;15828012;6896250;23.6;10.3
FR;0;2021-05-01;164253;62300;15992265;6958550;23.8;10.4
FR;0;2021-05-02;90226;42790;16082491;7001340;24.0;10.4
FR;0;2021-05-03;284491;188203;16366982;7189543;24.4;10.7
FR;0;2021-05-04;311496;248145;16678478;7437688;24.9;11.1
FR;0;2021-05-05;321437;247406;16999915;7685094;25.3;11.5
FR;0;2021-05-06;374187;270592;17374102;7955686;25.9;11.9
FR;0;2021-05-07;368180;296082;17742282;8251768;26.4;12.3
FR;0;2021-05-08;218839;80474;17961121;8332242;26.8;12.4
FR;0;2021-05-09;128370;54708;18089491;8386950;27.0;12.5
FR;0;2021-05-10;307568;252956;18397059;8639906;27.4;12.9
FR;0;2021-05-11;398921;294371;18795980;8934277;28.0;13.3
FR;0;2021-05-12;427782;267091;19223762;9201368;28.6;13.7
FR;0;2021-05-13;333557;77032;19557319;9278400;29.1;13.8
FR;0;2021-05-14;448692;201167;20006011;9479567;29.8;14.1
FR;0;2021-05-15;369683;118860;20375694;9598427;30.4;14.3
FR;0;2021-05-16;200646;33537;20576340;9631964;30.7;14.4
FR;0;2021-05-17;371095;177317;20947435;9809281;31.2;14.6
FR;0;2021-05-18;450721;189687;21398156;9998968;31.9;14.9
FR;0;2021-05-19;460141;180055;21858297;10179023;32.6;15.2
FR;0;2021-05-20;498276;201478;22356573;10380501;33.3;15.5
FR;0;2021-05-21;481291;218543;22837864;10599044;34.0;15.8
FR;0;2021-05-22;342521;106845;23180385;10705889;34.5;16.0
FR;0;2021-05-23;159297;26159;23339682;10732048;34.8;16.0
FR;0;2021-05-24;258118;52018;23597800;10784066;35.2;16.1
FR;0;2021-05-25;392340;223935;23990140;11008001;35.7;16.4
FR;0;2021-05-26;402739;223786;24392879;11231787;36.3;16.7
FR;0;2021-05-27;442333;263751;24835212;11495538;37.0;17.1
FR;0;2021-05-28;422384;315650;25257596;11811188;37.6;17.6
FR;0;2021-05-29;294981;181013;25552577;11992201;38.1;17.9
FR;0;2021-05-30;104895;41646;25657472;12033847;38.2;17.9
FR;0;2021-05-31;352126;240267;26009598;12274114;38.8;18.3
FR;0;2021-06-01;413839;300921;26423437;12575035;39.4;18.7
FR;0;2021-06-02;401592;275751;26825029;12850786;40.0;19.1
FR;0;2021-06-03;451426;311206;27276455;13161992;40.6;19.6
FR;0;2021-06-04;442188;359990;27718643;13521982;41.3;20.1
FR;0;2021-06-05;298411;220993;28017054;13742975;41.7;20.5
FR;0;2021-06-06;129257;60615;28146311;13803590;41.9;20.6
FR;0;2021-06-07;328778;298005;28475089;14101595;42.4;21.0
FR;0;2021-06-08;381563;335832;28856652;14437427;43.0;21.5
FR;0;2021-06-09;373412;318309;29230064;14755736;43.6;22.0
FR;0;2021-06-10;387242;336030;29617306;15091766;44.1;22.5
FR;0;2021-06-11;375781;406023;29993087;15497789;44.7;23.1
FR;0;2021-06-12;276659;242168;30269746;15739957;45.1;23.5
FR;0;2021-06-13;101567;84467;30371313;15824424;45.3;23.6
FR;0;2021-06-14;230156;383904;30601469;16208328;45.6;24.2
FR;0;2021-06-15;295114;423090;30896583;16631418;46.0;24.8
FR;0;2021-06-16;303472;393698;31200055;17025116;46.5;25.4
FR;0;2021-06-17;307701;411310;31507756;17436426;46.9;26.0
FR;0;2021-06-18;309183;484179;31816939;17920605;47.4;26.7
FR;0;2021-06-19;218921;299764;32035860;18220369;47.7;27.1
FR;0;2021-06-20;70571;111218;32106431;18331587;47.8;27.3
FR;0;2021-06-21;186638;426859;32293069;18758446;48.1;27.9
FR;0;2021-06-22;214027;498539;32507096;19256985;48.4;28.7
FR;0;2021-06-23;224273;472366;32731369;19729351;48.8;29.4
FR;0;2021-06-24;230185;444506;32961554;20173857;49.1;30.1
FR;0;2021-06-25;215575;558944;33177129;20732801;49.4;30.9
FR;0;2021-06-26;147656;394185;33324785;21126986;49.7;31.5
FR;0;2021-06-27;53644;164673;33378429;21291659;49.7;31.7
