fra;clage_vacsi;jour;n_dose1;n_complet;n_cum_dose1;n_cum_complet;couv_dose1;couv_complet
FR;24;2020-12-27;1;0;1;0;0.0;0.0
FR;24;2020-12-28;3;0;4;0;0.0;0.0
FR;24;2020-12-29;0;0;4;0;0.0;0.0
FR;24;2020-12-30;0;0;4;0;0.0;0.0
FR;24;2020-12-31;1;0;5;0;0.0;0.0
FR;24;2021-01-01;2;0;7;0;0.0;0.0
FR;24;2021-01-02;2;1;9;1;0.0;0.0
FR;24;2021-01-03;2;0;11;1;0.0;0.0
FR;24;2021-01-04;4;0;15;1;0.0;0.0
FR;24;2021-01-05;17;1;32;2;0.0;0.0
FR;24;2021-01-06;36;0;68;2;0.0;0.0
FR;24;2021-01-07;180;0;248;2;0.0;0.0
FR;24;2021-01-08;217;0;465;2;0.0;0.0
FR;24;2021-01-09;39;0;504;2;0.0;0.0
FR;24;2021-01-10;35;0;539;2;0.0;0.0
FR;24;2021-01-11;256;2;795;4;0.0;0.0
FR;24;2021-01-12;398;5;1193;9;0.0;0.0
FR;24;2021-01-13;482;5;1675;14;0.0;0.0
FR;24;2021-01-14;616;8;2291;22;0.0;0.0
FR;24;2021-01-15;600;2;2891;24;0.1;0.0
FR;24;2021-01-16;119;3;3010;27;0.1;0.0
FR;24;2021-01-17;95;0;3105;27;0.1;0.0
FR;24;2021-01-18;511;5;3616;32;0.1;0.0
FR;24;2021-01-19;601;7;4217;39;0.1;0.0
FR;24;2021-01-20;652;2;4869;41;0.1;0.0
FR;24;2021-01-21;761;5;5630;46;0.1;0.0
FR;24;2021-01-22;607;6;6237;52;0.1;0.0
FR;24;2021-01-23;121;0;6358;52;0.1;0.0
FR;24;2021-01-24;22;0;6380;52;0.1;0.0
FR;24;2021-01-25;295;7;6675;59;0.1;0.0
FR;24;2021-01-26;367;13;7042;72;0.1;0.0
FR;24;2021-01-27;450;15;7492;87;0.1;0.0
FR;24;2021-01-28;603;53;8095;140;0.1;0.0
FR;24;2021-01-29;470;85;8565;225;0.2;0.0
FR;24;2021-01-30;88;16;8653;241;0.2;0.0
FR;24;2021-01-31;25;13;8678;254;0.2;0.0
FR;24;2021-02-01;157;136;8835;390;0.2;0.0
FR;24;2021-02-02;219;183;9054;573;0.2;0.0
FR;24;2021-02-03;219;188;9273;761;0.2;0.0
FR;24;2021-02-04;361;317;9634;1078;0.2;0.0
FR;24;2021-02-05;348;345;9982;1423;0.2;0.0
FR;24;2021-02-06;84;71;10066;1494;0.2;0.0
FR;24;2021-02-07;169;32;10235;1526;0.2;0.0
FR;24;2021-02-08;388;361;10623;1887;0.2;0.0
FR;24;2021-02-09;751;468;11374;2355;0.2;0.0
FR;24;2021-02-10;1096;614;12470;2969;0.2;0.1
FR;24;2021-02-11;1585;732;14055;3701;0.3;0.1
FR;24;2021-02-12;1631;584;15686;4285;0.3;0.1
FR;24;2021-02-13;294;97;15980;4382;0.3;0.1
FR;24;2021-02-14;63;32;16043;4414;0.3;0.1
FR;24;2021-02-15;1053;404;17096;4818;0.3;0.1
FR;24;2021-02-16;1569;599;18665;5417;0.3;0.1
FR;24;2021-02-17;1500;514;20165;5931;0.4;0.1
FR;24;2021-02-18;1955;651;22120;6582;0.4;0.1
FR;24;2021-02-19;1865;588;23985;7170;0.4;0.1
FR;24;2021-02-20;335;90;24320;7260;0.4;0.1
FR;24;2021-02-21;41;19;24361;7279;0.4;0.1
FR;24;2021-02-22;1172;315;25533;7594;0.5;0.1
FR;24;2021-02-23;1594;408;27127;8002;0.5;0.1
FR;24;2021-02-24;1659;362;28786;8364;0.5;0.2
FR;24;2021-02-25;2298;516;31084;8880;0.6;0.2
FR;24;2021-02-26;2210;433;33294;9313;0.6;0.2
FR;24;2021-02-27;534;91;33828;9404;0.6;0.2
FR;24;2021-02-28;93;17;33921;9421;0.6;0.2
FR;24;2021-03-01;1271;267;35192;9688;0.6;0.2
FR;24;2021-03-02;1668;338;36860;10026;0.7;0.2
FR;24;2021-03-03;1779;399;38639;10425;0.7;0.2
FR;24;2021-03-04;2203;564;40842;10989;0.8;0.2
FR;24;2021-03-05;3346;579;44188;11568;0.8;0.2
FR;24;2021-03-06;1733;175;45921;11743;0.8;0.2
FR;24;2021-03-07;991;93;46912;11836;0.9;0.2
FR;24;2021-03-08;1996;292;48908;12128;0.9;0.2
FR;24;2021-03-09;2649;385;51557;12513;1.0;0.2
FR;24;2021-03-10;2469;433;54026;12946;1.0;0.2
FR;24;2021-03-11;2978;578;57004;13524;1.1;0.2
FR;24;2021-03-12;3872;510;60876;14034;1.1;0.3
FR;24;2021-03-13;1507;134;62383;14168;1.2;0.3
FR;24;2021-03-14;538;49;62921;14217;1.2;0.3
FR;24;2021-03-15;1851;306;64772;14523;1.2;0.3
FR;24;2021-03-16;834;328;65606;14851;1.2;0.3
FR;24;2021-03-17;1082;340;66688;15191;1.2;0.3
FR;24;2021-03-18;1315;470;68003;15661;1.3;0.3
FR;24;2021-03-19;1880;397;69883;16058;1.3;0.3
FR;24;2021-03-20;840;101;70723;16159;1.3;0.3
FR;24;2021-03-21;639;83;71362;16242;1.3;0.3
FR;24;2021-03-22;1512;328;72874;16570;1.3;0.3
FR;24;2021-03-23;1810;432;74684;17002;1.4;0.3
FR;24;2021-03-24;2168;398;76852;17400;1.4;0.3
FR;24;2021-03-25;2576;534;79428;17934;1.5;0.3
FR;24;2021-03-26;3179;542;82607;18476;1.5;0.3
FR;24;2021-03-27;1909;237;84516;18713;1.6;0.3
FR;24;2021-03-28;1015;89;85531;18802;1.6;0.3
FR;24;2021-03-29;2472;405;88003;19207;1.6;0.4
FR;24;2021-03-30;3667;591;91670;19798;1.7;0.4
FR;24;2021-03-31;4213;604;95883;20402;1.8;0.4
FR;24;2021-04-01;5455;841;101338;21243;1.9;0.4
FR;24;2021-04-02;4506;710;105844;21953;2.0;0.4
FR;24;2021-04-03;1761;358;107605;22311;2.0;0.4
FR;24;2021-04-04;960;144;108565;22455;2.0;0.4
FR;24;2021-04-05;1105;146;109670;22601;2.0;0.4
FR;24;2021-04-06;3582;655;113252;23256;2.1;0.4
FR;24;2021-04-07;4813;888;118065;24144;2.2;0.4
FR;24;2021-04-08;6419;1187;124484;25331;2.3;0.5
FR;24;2021-04-09;5815;1153;130299;26484;2.4;0.5
FR;24;2021-04-10;2633;601;132932;27085;2.5;0.5
FR;24;2021-04-11;1263;325;134195;27410;2.5;0.5
FR;24;2021-04-12;3469;980;137664;28390;2.5;0.5
FR;24;2021-04-13;4818;1198;142482;29588;2.6;0.5
FR;24;2021-04-14;5001;1373;147483;30961;2.7;0.6
FR;24;2021-04-15;5267;1645;152750;32606;2.8;0.6
FR;24;2021-04-16;4878;1727;157628;34333;2.9;0.6
FR;24;2021-04-17;2143;816;159771;35149;2.9;0.6
FR;24;2021-04-18;729;448;160500;35597;3.0;0.7
FR;24;2021-04-19;2964;1553;163464;37150;3.0;0.7
FR;24;2021-04-20;3156;2167;166620;39317;3.1;0.7
FR;24;2021-04-21;3460;2518;170080;41835;3.1;0.8
FR;24;2021-04-22;4063;3184;174143;45019;3.2;0.8
FR;24;2021-04-23;4260;3349;178403;48368;3.3;0.9
FR;24;2021-04-24;2401;1700;180804;50068;3.3;0.9
FR;24;2021-04-25;1235;809;182039;50877;3.4;0.9
FR;24;2021-04-26;3139;2211;185178;53088;3.4;1.0
FR;24;2021-04-27;3970;3212;189148;56300;3.5;1.0
FR;24;2021-04-28;4512;3793;193660;60093;3.6;1.1
FR;24;2021-04-29;5561;4504;199221;64597;3.7;1.2
FR;24;2021-04-30;6299;4673;205520;69270;3.8;1.3
FR;24;2021-05-01;4049;1110;209569;70380;3.9;1.3
FR;24;2021-05-02;2802;916;212371;71296;3.9;1.3
FR;24;2021-05-03;6424;4186;218795;75482;4.0;1.4
FR;24;2021-05-04;7700;4768;226495;80250;4.2;1.5
FR;24;2021-05-05;8903;5016;235398;85266;4.3;1.6
FR;24;2021-05-06;11009;6439;246407;91705;4.5;1.7
FR;24;2021-05-07;12275;6489;258682;98194;4.8;1.8
FR;24;2021-05-08;10584;2600;269266;100794;5.0;1.9
FR;24;2021-05-09;6955;1974;276221;102768;5.1;1.9
FR;24;2021-05-10;11296;5027;287517;107795;5.3;2.0
FR;24;2021-05-11;15799;5840;303316;113635;5.6;2.1
FR;24;2021-05-12;23355;6288;326671;119923;6.0;2.2
FR;24;2021-05-13;27889;3183;354560;123106;6.5;2.3
FR;24;2021-05-14;33006;5671;387566;128777;7.1;2.4
FR;24;2021-05-15;34346;4088;421912;132865;7.8;2.4
FR;24;2021-05-16;21987;2038;443899;134903;8.2;2.5
FR;24;2021-05-17;29765;5337;473664;140240;8.7;2.6
FR;24;2021-05-18;38233;6183;511897;146423;9.4;2.7
FR;24;2021-05-19;40445;7168;552342;153591;10.2;2.8
FR;24;2021-05-20;46162;7573;598504;161164;11.0;3.0
FR;24;2021-05-21;47579;7355;646083;168519;11.9;3.1
FR;24;2021-05-22;44787;4585;690870;173104;12.7;3.2
FR;24;2021-05-23;24077;2378;714947;175482;13.2;3.2
FR;24;2021-05-24;34485;3646;749432;179128;13.8;3.3
FR;24;2021-05-25;44903;7885;794335;187013;14.6;3.4
FR;24;2021-05-26;46128;7447;840463;194460;15.5;3.6
FR;24;2021-05-27;52216;8580;892679;203040;16.5;3.7
FR;24;2021-05-28;48943;9010;941622;212050;17.4;3.9
FR;24;2021-05-29;44058;5956;985680;218006;18.2;4.0
FR;24;2021-05-30;18389;2259;1004069;220265;18.5;4.1
FR;24;2021-05-31;51888;8287;1055957;228552;19.5;4.2
FR;24;2021-06-01;59548;10201;1115505;238753;20.6;4.4
FR;24;2021-06-02;60879;9646;1176384;248399;21.7;4.6
FR;24;2021-06-03;67380;10569;1243764;258968;22.9;4.8
FR;24;2021-06-04;64696;10723;1308460;269691;24.1;5.0
FR;24;2021-06-05;54900;7787;1363360;277478;25.1;5.1
FR;24;2021-06-06;26744;3630;1390104;281108;25.6;5.2
FR;24;2021-06-07;57021;9938;1447125;291046;26.7;5.4
FR;24;2021-06-08;62324;10902;1509449;301948;27.8;5.6
FR;24;2021-06-09;62109;11426;1571558;313374;29.0;5.8
FR;24;2021-06-10;63577;14025;1635135;327399;30.1;6.0
FR;24;2021-06-11;59679;13063;1694814;340462;31.2;6.3
FR;24;2021-06-12;53386;11612;1748200;352074;32.2;6.5
FR;24;2021-06-13;20668;5397;1768868;357471;32.6;6.6
FR;24;2021-06-14;41403;13546;1810271;371017;33.4;6.8
FR;24;2021-06-15;43898;14674;1854169;385691;34.2;7.1
FR;24;2021-06-16;39968;15223;1894137;400914;34.9;7.4
FR;24;2021-06-17;45503;17920;1939640;418834;35.8;7.7
FR;24;2021-06-18;42911;21581;1982551;440415;36.6;8.1
FR;24;2021-06-19;33654;19209;2016205;459624;37.2;8.5
FR;24;2021-06-20;11401;9268;2027606;468892;37.4;8.6
FR;24;2021-06-21;30436;23843;2058042;492735;37.9;9.1
FR;24;2021-06-22;34384;29603;2092426;522338;38.6;9.6
FR;24;2021-06-23;32695;31787;2125121;554125;39.2;10.2
FR;24;2021-06-24;36655;36100;2161776;590225;39.9;10.9
FR;29;2020-12-27;0;0;0;0;0.0;0.0
FR;29;2020-12-28;1;0;1;0;0.0;0.0
FR;29;2020-12-29;0;0;1;0;0.0;0.0
FR;29;2020-12-30;0;0;1;0;0.0;0.0
FR;29;2020-12-31;1;0;2;0;0.0;0.0
FR;29;2021-01-01;2;0;4;0;0.0;0.0
FR;29;2021-01-02;4;1;8;1;0.0;0.0
FR;29;2021-01-03;3;0;11;1;0.0;0.0
FR;29;2021-01-04;10;0;21;1;0.0;0.0
FR;29;2021-01-05;42;0;63;1;0.0;0.0
FR;29;2021-01-06;142;0;205;1;0.0;0.0
FR;29;2021-01-07;308;2;513;3;0.0;0.0
FR;29;2021-01-08;523;5;1036;8;0.0;0.0
FR;29;2021-01-09;113;0;1149;8;0.0;0.0
FR;29;2021-01-10;91;1;1240;9;0.0;0.0
FR;29;2021-01-11;649;5;1889;14;0.1;0.0
FR;29;2021-01-12;943;14;2832;28;0.1;0.0
FR;29;2021-01-13;1222;14;4054;42;0.1;0.0
FR;29;2021-01-14;1573;17;5627;59;0.2;0.0
FR;29;2021-01-15;1319;9;6946;68;0.2;0.0
FR;29;2021-01-16;193;4;7139;72;0.2;0.0
FR;29;2021-01-17;158;0;7297;72;0.2;0.0
FR;29;2021-01-18;1044;16;8341;88;0.2;0.0
FR;29;2021-01-19;1157;7;9498;95;0.3;0.0
FR;29;2021-01-20;1201;9;10699;104;0.3;0.0
FR;29;2021-01-21;1471;9;12170;113;0.3;0.0
FR;29;2021-01-22;1158;11;13328;124;0.4;0.0
FR;29;2021-01-23;171;2;13499;126;0.4;0.0
FR;29;2021-01-24;52;0;13551;126;0.4;0.0
FR;29;2021-01-25;543;19;14094;145;0.4;0.0
FR;29;2021-01-26;668;36;14762;181;0.4;0.0
FR;29;2021-01-27;736;63;15498;244;0.4;0.0
FR;29;2021-01-28;1046;127;16544;371;0.4;0.0
FR;29;2021-01-29;807;176;17351;547;0.5;0.0
FR;29;2021-01-30;143;41;17494;588;0.5;0.0
FR;29;2021-01-31;34;26;17528;614;0.5;0.0
FR;29;2021-02-01;263;295;17791;909;0.5;0.0
FR;29;2021-02-02;410;373;18201;1282;0.5;0.0
FR;29;2021-02-03;460;461;18661;1743;0.5;0.0
FR;29;2021-02-04;620;719;19281;2462;0.5;0.1
FR;29;2021-02-05;539;752;19820;3214;0.5;0.1
FR;29;2021-02-06;143;110;19963;3324;0.5;0.1
FR;29;2021-02-07;304;70;20267;3394;0.5;0.1
FR;29;2021-02-08;604;810;20871;4204;0.6;0.1
FR;29;2021-02-09;1254;1034;22125;5238;0.6;0.1
FR;29;2021-02-10;1721;1159;23846;6397;0.6;0.2
FR;29;2021-02-11;2477;1456;26323;7853;0.7;0.2
FR;29;2021-02-12;2229;1250;28552;9103;0.8;0.2
FR;29;2021-02-13;431;164;28983;9267;0.8;0.2
FR;29;2021-02-14;136;82;29119;9349;0.8;0.3
FR;29;2021-02-15;1577;822;30696;10171;0.8;0.3
FR;29;2021-02-16;1928;1200;32624;11371;0.9;0.3
FR;29;2021-02-17;1895;984;34519;12355;0.9;0.3
FR;29;2021-02-18;2408;1197;36927;13552;1.0;0.4
FR;29;2021-02-19;2332;973;39259;14525;1.1;0.4
FR;29;2021-02-20;385;127;39644;14652;1.1;0.4
FR;29;2021-02-21;87;43;39731;14695;1.1;0.4
FR;29;2021-02-22;1367;545;41098;15240;1.1;0.4
FR;29;2021-02-23;1767;674;42865;15914;1.2;0.4
FR;29;2021-02-24;1796;561;44661;16475;1.2;0.4
FR;29;2021-02-25;2414;982;47075;17457;1.3;0.5
FR;29;2021-02-26;2588;701;49663;18158;1.3;0.5
FR;29;2021-02-27;609;113;50272;18271;1.4;0.5
FR;29;2021-02-28;112;28;50384;18299;1.4;0.5
FR;29;2021-03-01;1317;374;51701;18673;1.4;0.5
FR;29;2021-03-02;1812;625;53513;19298;1.4;0.5
FR;29;2021-03-03;1997;635;55510;19933;1.5;0.5
FR;29;2021-03-04;2523;804;58033;20737;1.6;0.6
FR;29;2021-03-05;3647;786;61680;21523;1.7;0.6
FR;29;2021-03-06;1648;162;63328;21685;1.7;0.6
FR;29;2021-03-07;821;111;64149;21796;1.7;0.6
FR;29;2021-03-08;1983;439;66132;22235;1.8;0.6
FR;29;2021-03-09;2681;545;68813;22780;1.9;0.6
FR;29;2021-03-10;2600;561;71413;23341;1.9;0.6
FR;29;2021-03-11;3383;905;74796;24246;2.0;0.7
FR;29;2021-03-12;4007;811;78803;25057;2.1;0.7
FR;29;2021-03-13;1644;163;80447;25220;2.2;0.7
FR;29;2021-03-14;570;70;81017;25290;2.2;0.7
FR;29;2021-03-15;1901;403;82918;25693;2.2;0.7
FR;29;2021-03-16;1126;520;84044;26213;2.3;0.7
FR;29;2021-03-17;1388;534;85432;26747;2.3;0.7
FR;29;2021-03-18;1657;707;87089;27454;2.3;0.7
FR;29;2021-03-19;2252;600;89341;28054;2.4;0.8
FR;29;2021-03-20;994;140;90335;28194;2.4;0.8
FR;29;2021-03-21;725;70;91060;28264;2.4;0.8
FR;29;2021-03-22;1671;430;92731;28694;2.5;0.8
FR;29;2021-03-23;2226;628;94957;29322;2.6;0.8
FR;29;2021-03-24;2549;617;97506;29939;2.6;0.8
FR;29;2021-03-25;3400;738;100906;30677;2.7;0.8
FR;29;2021-03-26;3759;767;104665;31444;2.8;0.8
FR;29;2021-03-27;2154;288;106819;31732;2.9;0.9
FR;29;2021-03-28;967;92;107786;31824;2.9;0.9
FR;29;2021-03-29;2779;573;110565;32397;3.0;0.9
FR;29;2021-03-30;4030;786;114595;33183;3.1;0.9
FR;29;2021-03-31;4565;876;119160;34059;3.2;0.9
FR;29;2021-04-01;5908;1098;125068;35157;3.4;0.9
FR;29;2021-04-02;4943;994;130011;36151;3.5;1.0
FR;29;2021-04-03;1783;354;131794;36505;3.5;1.0
FR;29;2021-04-04;903;134;132697;36639;3.6;1.0
FR;29;2021-04-05;926;123;133623;36762;3.6;1.0
FR;29;2021-04-06;3528;809;137151;37571;3.7;1.0
FR;29;2021-04-07;4575;1163;141726;38734;3.8;1.0
FR;29;2021-04-08;6318;1559;148044;40293;4.0;1.1
FR;29;2021-04-09;6324;1352;154368;41645;4.2;1.1
FR;29;2021-04-10;2656;650;157024;42295;4.2;1.1
FR;29;2021-04-11;1164;347;158188;42642;4.3;1.1
FR;29;2021-04-12;3615;1082;161803;43724;4.4;1.2
FR;29;2021-04-13;4918;1558;166721;45282;4.5;1.2
FR;29;2021-04-14;4810;1540;171531;46822;4.6;1.3
FR;29;2021-04-15;5651;1883;177182;48705;4.8;1.3
FR;29;2021-04-16;4850;1925;182032;50630;4.9;1.4
FR;29;2021-04-17;2261;940;184293;51570;5.0;1.4
FR;29;2021-04-18;777;529;185070;52099;5.0;1.4
FR;29;2021-04-19;2879;1794;187949;53893;5.1;1.5
FR;29;2021-04-20;3540;2545;191489;56438;5.2;1.5
FR;29;2021-04-21;3510;2824;194999;59262;5.2;1.6
FR;29;2021-04-22;4496;3896;199495;63158;5.4;1.7
FR;29;2021-04-23;4645;3839;204140;66997;5.5;1.8
FR;29;2021-04-24;2711;1844;206851;68841;5.6;1.9
FR;29;2021-04-25;1197;747;208048;69588;5.6;1.9
FR;29;2021-04-26;3024;2492;211072;72080;5.7;1.9
FR;29;2021-04-27;4032;3630;215104;75710;5.8;2.0
FR;29;2021-04-28;4761;4066;219865;79776;5.9;2.1
FR;29;2021-04-29;5967;5036;225832;84812;6.1;2.3
FR;29;2021-04-30;6558;5271;232390;90083;6.3;2.4
FR;29;2021-05-01;4306;1239;236696;91322;6.4;2.5
FR;29;2021-05-02;2643;932;239339;92254;6.4;2.5
FR;29;2021-05-03;7024;4327;246363;96581;6.6;2.6
FR;29;2021-05-04;8304;5256;254667;101837;6.9;2.7
FR;29;2021-05-05;9811;5244;264478;107081;7.1;2.9
FR;29;2021-05-06;11410;6616;275888;113697;7.4;3.1
FR;29;2021-05-07;11880;6680;287768;120377;7.7;3.2
FR;29;2021-05-08;9410;2315;297178;122692;8.0;3.3
FR;29;2021-05-09;5987;1778;303165;124470;8.2;3.3
FR;29;2021-05-10;10887;5383;314052;129853;8.4;3.5
FR;29;2021-05-11;14806;6444;328858;136297;8.8;3.7
FR;29;2021-05-12;20479;6421;349337;142718;9.4;3.8
FR;29;2021-05-13;20047;2429;369384;145147;9.9;3.9
FR;29;2021-05-14;22921;4495;392305;149642;10.6;4.0
FR;29;2021-05-15;21683;3015;413988;152657;11.1;4.1
FR;29;2021-05-16;13480;1377;427468;154034;11.5;4.1
FR;29;2021-05-17;21789;5055;449257;159089;12.1;4.3
FR;29;2021-05-18;28666;5816;477923;164905;12.9;4.4
FR;29;2021-05-19;29281;6059;507204;170964;13.6;4.6
FR;29;2021-05-20;33057;6632;540261;177596;14.5;4.8
FR;29;2021-05-21;32265;6261;572526;183857;15.4;4.9
FR;29;2021-05-22;26277;3077;598803;186934;16.1;5.0
FR;29;2021-05-23;14255;1529;613058;188463;16.5;5.1
FR;29;2021-05-24;22687;2681;635745;191144;17.1;5.1
FR;29;2021-05-25;30727;6644;666472;197788;17.9;5.3
FR;29;2021-05-26;32887;6694;699359;204482;18.8;5.5
FR;29;2021-05-27;35941;7707;735300;212189;19.8;5.7
FR;29;2021-05-28;33515;7983;768815;220172;20.7;5.9
FR;29;2021-05-29;26649;4303;795464;224475;21.4;6.0
FR;29;2021-05-30;11858;1647;807322;226122;21.7;6.1
FR;29;2021-05-31;33702;6871;841024;232993;22.6;6.3
FR;29;2021-06-01;38622;8317;879646;241310;23.7;6.5
FR;29;2021-06-02;39008;7915;918654;249225;24.7;6.7
FR;29;2021-06-03;43986;8930;962640;258155;25.9;6.9
FR;29;2021-06-04;42632;9134;1005272;267289;27.0;7.2
FR;29;2021-06-05;31713;5665;1036985;272954;27.9;7.3
FR;29;2021-06-06;16882;2579;1053867;275533;28.4;7.4
FR;29;2021-06-07;37299;8286;1091166;283819;29.4;7.6
FR;29;2021-06-08;41012;9134;1132178;292953;30.5;7.9
FR;29;2021-06-09;39698;9579;1171876;302532;31.5;8.1
FR;29;2021-06-10;41690;11452;1213566;313984;32.7;8.4
FR;29;2021-06-11;38438;11122;1252004;325106;33.7;8.7
FR;29;2021-06-12;31594;8621;1283598;333727;34.5;9.0
FR;29;2021-06-13;13759;4329;1297357;338056;34.9;9.1
FR;29;2021-06-14;26092;12046;1323449;350102;35.6;9.4
FR;29;2021-06-15;28539;13411;1351988;363513;36.4;9.8
FR;29;2021-06-16;25827;14111;1377815;377624;37.1;10.2
FR;29;2021-06-17;29090;15365;1406905;392989;37.9;10.6
FR;29;2021-06-18;25385;17438;1432290;410427;38.5;11.0
FR;29;2021-06-19;18190;13934;1450480;424361;39.0;11.4
FR;29;2021-06-20;6764;7251;1457244;431612;39.2;11.6
FR;29;2021-06-21;17416;19160;1474660;450772;39.7;12.1
FR;29;2021-06-22;19461;22740;1494121;473512;40.2;12.7
FR;29;2021-06-23;17938;23792;1512059;497304;40.7;13.4
FR;29;2021-06-24;20429;25046;1532488;522350;41.2;14.1
FR;39;2020-12-27;0;0;0;0;0.0;0.0
FR;39;2020-12-28;0;0;0;0;0.0;0.0
FR;39;2020-12-29;1;0;1;0;0.0;0.0
FR;39;2020-12-30;5;0;6;0;0.0;0.0
FR;39;2020-12-31;1;0;7;0;0.0;0.0
FR;39;2021-01-01;4;0;11;0;0.0;0.0
FR;39;2021-01-02;2;1;13;1;0.0;0.0
FR;39;2021-01-03;2;0;15;1;0.0;0.0
FR;39;2021-01-04;23;0;38;1;0.0;0.0
FR;39;2021-01-05;140;0;178;1;0.0;0.0
FR;39;2021-01-06;387;0;565;1;0.0;0.0
FR;39;2021-01-07;1180;7;1745;8;0.0;0.0
FR;39;2021-01-08;1793;5;3538;13;0.0;0.0
FR;39;2021-01-09;476;1;4014;14;0.0;0.0
FR;39;2021-01-10;309;1;4323;15;0.1;0.0
FR;39;2021-01-11;2223;12;6546;27;0.1;0.0
FR;39;2021-01-12;3430;23;9976;50;0.1;0.0
FR;39;2021-01-13;3520;24;13496;74;0.2;0.0
FR;39;2021-01-14;4802;57;18298;131;0.2;0.0
FR;39;2021-01-15;4408;27;22706;158;0.3;0.0
FR;39;2021-01-16;771;4;23477;162;0.3;0.0
FR;39;2021-01-17;493;6;23970;168;0.3;0.0
FR;39;2021-01-18;3085;40;27055;208;0.3;0.0
FR;39;2021-01-19;4020;27;31075;235;0.4;0.0
FR;39;2021-01-20;3929;28;35004;263;0.4;0.0
FR;39;2021-01-21;5166;30;40170;293;0.5;0.0
FR;39;2021-01-22;3987;45;44157;338;0.5;0.0
FR;39;2021-01-23;600;4;44757;342;0.5;0.0
FR;39;2021-01-24;184;0;44941;342;0.5;0.0
FR;39;2021-01-25;1603;49;46544;391;0.6;0.0
FR;39;2021-01-26;2174;104;48718;495;0.6;0.0
FR;39;2021-01-27;2294;221;51012;716;0.6;0.0
FR;39;2021-01-28;3500;487;54512;1203;0.7;0.0
FR;39;2021-01-29;2681;705;57193;1908;0.7;0.0
FR;39;2021-01-30;397;216;57590;2124;0.7;0.0
FR;39;2021-01-31;89;78;57679;2202;0.7;0.0
FR;39;2021-02-01;752;1061;58431;3263;0.7;0.0
FR;39;2021-02-02;1339;1651;59770;4914;0.7;0.1
FR;39;2021-02-03;1372;1664;61142;6578;0.7;0.1
FR;39;2021-02-04;1993;2544;63135;9122;0.8;0.1
FR;39;2021-02-05;1649;2708;64784;11830;0.8;0.1
FR;39;2021-02-06;401;433;65185;12263;0.8;0.1
FR;39;2021-02-07;554;214;65739;12477;0.8;0.2
FR;39;2021-02-08;1523;2434;67262;14911;0.8;0.2
FR;39;2021-02-09;3168;3407;70430;18318;0.8;0.2
FR;39;2021-02-10;3896;3550;74326;21868;0.9;0.3
FR;39;2021-02-11;6183;4913;80509;26781;1.0;0.3
FR;39;2021-02-12;5835;4053;86344;30834;1.0;0.4
FR;39;2021-02-13;1243;554;87587;31388;1.1;0.4
FR;39;2021-02-14;391;268;87978;31656;1.1;0.4
FR;39;2021-02-15;3428;2418;91406;34074;1.1;0.4
FR;39;2021-02-16;4430;3407;95836;37481;1.2;0.5
FR;39;2021-02-17;4004;2904;99840;40385;1.2;0.5
FR;39;2021-02-18;5993;3950;105833;44335;1.3;0.5
FR;39;2021-02-19;5864;3134;111697;47469;1.3;0.6
FR;39;2021-02-20;1143;482;112840;47951;1.4;0.6
FR;39;2021-02-21;189;121;113029;48072;1.4;0.6
FR;39;2021-02-22;3020;1699;116049;49771;1.4;0.6
FR;39;2021-02-23;3934;1967;119983;51738;1.4;0.6
FR;39;2021-02-24;3746;1756;123729;53494;1.5;0.6
FR;39;2021-02-25;5629;2615;129358;56109;1.6;0.7
FR;39;2021-02-26;6112;1997;135470;58106;1.6;0.7
FR;39;2021-02-27;1669;326;137139;58432;1.7;0.7
FR;39;2021-02-28;241;126;137380;58558;1.7;0.7
FR;39;2021-03-01;2973;1052;140353;59610;1.7;0.7
FR;39;2021-03-02;4281;1686;144634;61296;1.7;0.7
FR;39;2021-03-03;4304;1600;148938;62896;1.8;0.8
FR;39;2021-03-04;6378;2436;155316;65332;1.9;0.8
FR;39;2021-03-05;9259;2252;164575;67584;2.0;0.8
FR;39;2021-03-06;4988;472;169563;68056;2.0;0.8
FR;39;2021-03-07;2662;297;172225;68353;2.1;0.8
FR;39;2021-03-08;4719;1193;176944;69546;2.1;0.8
FR;39;2021-03-09;6961;1627;183905;71173;2.2;0.9
FR;39;2021-03-10;6167;1629;190072;72802;2.3;0.9
FR;39;2021-03-11;8788;2564;198860;75366;2.4;0.9
FR;39;2021-03-12;11570;2329;210430;77695;2.5;0.9
FR;39;2021-03-13;5276;491;215706;78186;2.6;0.9
FR;39;2021-03-14;1758;189;217464;78375;2.6;0.9
FR;39;2021-03-15;4819;1112;222283;79487;2.7;1.0
FR;39;2021-03-16;3392;1446;225675;80933;2.7;1.0
FR;39;2021-03-17;3472;1551;229147;82484;2.8;1.0
FR;39;2021-03-18;4681;2044;233828;84528;2.8;1.0
FR;39;2021-03-19;6313;1731;240141;86259;2.9;1.0
FR;39;2021-03-20;3183;402;243324;86661;2.9;1.0
FR;39;2021-03-21;2074;181;245398;86842;3.0;1.0
FR;39;2021-03-22;4477;1156;249875;87998;3.0;1.1
FR;39;2021-03-23;6206;1730;256081;89728;3.1;1.1
FR;39;2021-03-24;6354;1443;262435;91171;3.2;1.1
FR;39;2021-03-25;9109;1837;271544;93008;3.3;1.1
FR;39;2021-03-26;10702;1845;282246;94853;3.4;1.1
FR;39;2021-03-27;6011;690;288257;95543;3.5;1.2
FR;39;2021-03-28;2744;215;291001;95758;3.5;1.2
FR;39;2021-03-29;7244;1372;298245;97130;3.6;1.2
FR;39;2021-03-30;10603;2032;308848;99162;3.7;1.2
FR;39;2021-03-31;11251;2005;320099;101167;3.9;1.2
FR;39;2021-04-01;15113;2823;335212;103990;4.0;1.3
FR;39;2021-04-02;13367;2627;348579;106617;4.2;1.3
FR;39;2021-04-03;5637;1055;354216;107672;4.3;1.3
FR;39;2021-04-04;2531;365;356747;108037;4.3;1.3
FR;39;2021-04-05;2544;338;359291;108375;4.3;1.3
FR;39;2021-04-06;9346;2419;368637;110794;4.4;1.3
FR;39;2021-04-07;12272;2895;380909;113689;4.6;1.4
FR;39;2021-04-08;16959;3890;397868;117579;4.8;1.4
FR;39;2021-04-09;17005;3789;414873;121368;5.0;1.5
FR;39;2021-04-10;7428;1991;422301;123359;5.1;1.5
FR;39;2021-04-11;2993;1002;425294;124361;5.1;1.5
FR;39;2021-04-12;9682;2826;434976;127187;5.2;1.5
FR;39;2021-04-13;13059;4142;448035;131329;5.4;1.6
FR;39;2021-04-14;13011;3953;461046;135282;5.6;1.6
FR;39;2021-04-15;14925;4951;475971;140233;5.7;1.7
FR;39;2021-04-16;12921;5400;488892;145633;5.9;1.8
FR;39;2021-04-17;6175;2757;495067;148390;6.0;1.8
FR;39;2021-04-18;2291;1571;497358;149961;6.0;1.8
FR;39;2021-04-19;7984;4775;505342;154736;6.1;1.9
FR;39;2021-04-20;9563;6788;514905;161524;6.2;1.9
FR;39;2021-04-21;10417;7284;525322;168808;6.3;2.0
FR;39;2021-04-22;12039;10449;537361;179257;6.5;2.2
FR;39;2021-04-23;12421;10629;549782;189886;6.6;2.3
FR;39;2021-04-24;7902;5139;557684;195025;6.7;2.4
FR;39;2021-04-25;3542;2183;561226;197208;6.8;2.4
FR;39;2021-04-26;8785;7020;570011;204228;6.9;2.5
FR;39;2021-04-27;12018;9660;582029;213888;7.0;2.6
FR;39;2021-04-28;13492;10192;595521;224080;7.2;2.7
FR;39;2021-04-29;17548;13118;613069;237198;7.4;2.9
FR;39;2021-04-30;20098;13435;633167;250633;7.6;3.0
FR;39;2021-05-01;13800;3616;646967;254249;7.8;3.1
FR;39;2021-05-02;9408;2549;656375;256798;7.9;3.1
FR;39;2021-05-03;22847;11438;679222;268236;8.2;3.2
FR;39;2021-05-04;27463;14101;706685;282337;8.5;3.4
FR;39;2021-05-05;31307;14447;737992;296784;8.9;3.6
FR;39;2021-05-06;37576;17888;775568;314672;9.3;3.8
FR;39;2021-05-07;39088;18695;814656;333367;9.8;4.0
FR;39;2021-05-08;30465;5826;845121;339193;10.2;4.1
FR;39;2021-05-09;18966;4370;864087;343563;10.4;4.1
FR;39;2021-05-10;34579;14698;898666;358261;10.8;4.3
FR;39;2021-05-11;44915;17344;943581;375605;11.4;4.5
FR;39;2021-05-12;57651;16508;1001232;392113;12.1;4.7
FR;39;2021-05-13;53972;5798;1055204;397911;12.7;4.8
FR;39;2021-05-14;63450;11286;1118654;409197;13.5;4.9
FR;39;2021-05-15;57211;7082;1175865;416279;14.2;5.0
FR;39;2021-05-16;36241;3185;1212106;419464;14.6;5.1
FR;39;2021-05-17;57054;12123;1269160;431587;15.3;5.2
FR;39;2021-05-18;72158;13879;1341318;445466;16.2;5.4
FR;39;2021-05-19;75451;14331;1416769;459797;17.1;5.5
FR;39;2021-05-20;83848;15164;1500617;474961;18.1;5.7
FR;39;2021-05-21;83059;15173;1583676;490134;19.1;5.9
FR;39;2021-05-22;63951;7557;1647627;497691;19.9;6.0
FR;39;2021-05-23;34185;3380;1681812;501071;20.3;6.0
FR;39;2021-05-24;52575;5474;1734387;506545;20.9;6.1
FR;39;2021-05-25;73935;15986;1808322;522531;21.8;6.3
FR;39;2021-05-26;77516;16060;1885838;538591;22.7;6.5
FR;39;2021-05-27;85433;18100;1971271;556691;23.8;6.7
FR;39;2021-05-28;79268;19655;2050539;576346;24.7;6.9
FR;39;2021-05-29;57951;10209;2108490;586555;25.4;7.1
FR;39;2021-05-30;24585;3688;2133075;590243;25.7;7.1
FR;39;2021-05-31;74926;15988;2208001;606231;26.6;7.3
FR;39;2021-06-01;86250;19799;2294251;626030;27.7;7.5
FR;39;2021-06-02;86389;19189;2380640;645219;28.7;7.8
FR;39;2021-06-03;97652;21673;2478292;666892;29.9;8.0
FR;39;2021-06-04;95822;23126;2574114;690018;31.0;8.3
FR;39;2021-06-05;63992;13711;2638106;703729;31.8;8.5
FR;39;2021-06-06;31861;5791;2669967;709520;32.2;8.6
FR;39;2021-06-07;75072;20514;2745039;730034;33.1;8.8
FR;39;2021-06-08;85326;22649;2830365;752683;34.1;9.1
FR;39;2021-06-09;83785;24370;2914150;777053;35.1;9.4
FR;39;2021-06-10;85943;27554;3000093;804607;36.2;9.7
FR;39;2021-06-11;84060;30655;3084153;835262;37.2;10.1
FR;39;2021-06-12;60406;23324;3144559;858586;37.9;10.4
FR;39;2021-06-13;25082;11653;3169641;870239;38.2;10.5
FR;39;2021-06-14;51667;35396;3221308;905635;38.8;10.9
FR;39;2021-06-15;58203;39577;3279511;945212;39.5;11.4
FR;39;2021-06-16;55064;41897;3334575;987109;40.2;11.9
FR;39;2021-06-17;60099;43285;3394674;1030394;40.9;12.4
FR;39;2021-06-18;55131;51473;3449805;1081867;41.6;13.0
FR;39;2021-06-19;35307;38608;3485112;1120475;42.0;13.5
FR;39;2021-06-20;12480;18581;3497592;1139056;42.2;13.7
FR;39;2021-06-21;33667;53590;3531259;1192646;42.6;14.4
FR;39;2021-06-22;38469;62461;3569728;1255107;43.0;15.1
FR;39;2021-06-23;35953;64950;3605681;1320057;43.5;15.9
FR;39;2021-06-24;40647;62668;3646328;1382725;44.0;16.7
FR;49;2020-12-27;2;0;2;0;0.0;0.0
FR;49;2020-12-28;4;0;6;0;0.0;0.0
FR;49;2020-12-29;1;0;7;0;0.0;0.0
FR;49;2020-12-30;6;0;13;0;0.0;0.0
FR;49;2020-12-31;1;0;14;0;0.0;0.0
FR;49;2021-01-01;4;0;18;0;0.0;0.0
FR;49;2021-01-02;11;0;29;0;0.0;0.0
FR;49;2021-01-03;5;0;34;0;0.0;0.0
FR;49;2021-01-04;87;0;121;0;0.0;0.0
FR;49;2021-01-05;338;1;459;1;0.0;0.0
FR;49;2021-01-06;863;6;1322;7;0.0;0.0
FR;49;2021-01-07;2164;8;3486;15;0.0;0.0
FR;49;2021-01-08;3381;11;6867;26;0.1;0.0
FR;49;2021-01-09;1004;2;7871;28;0.1;0.0
FR;49;2021-01-10;475;2;8346;30;0.1;0.0
FR;49;2021-01-11;4188;17;12534;47;0.1;0.0
FR;49;2021-01-12;5880;20;18414;67;0.2;0.0
FR;49;2021-01-13;6183;30;24597;97;0.3;0.0
FR;49;2021-01-14;8355;86;32952;183;0.4;0.0
FR;49;2021-01-15;7629;39;40581;222;0.5;0.0
FR;49;2021-01-16;1427;11;42008;233;0.5;0.0
FR;49;2021-01-17;622;7;42630;240;0.5;0.0
FR;49;2021-01-18;5083;37;47713;277;0.6;0.0
FR;49;2021-01-19;6835;36;54548;313;0.6;0.0
FR;49;2021-01-20;6652;39;61200;352;0.7;0.0
FR;49;2021-01-21;8447;53;69647;405;0.8;0.0
FR;49;2021-01-22;6302;52;75949;457;0.9;0.0
FR;49;2021-01-23;1022;7;76971;464;0.9;0.0
FR;49;2021-01-24;283;5;77254;469;0.9;0.0
FR;49;2021-01-25;2630;103;79884;572;0.9;0.0
FR;49;2021-01-26;3742;234;83626;806;1.0;0.0
FR;49;2021-01-27;3990;402;87616;1208;1.0;0.0
FR;49;2021-01-28;5569;999;93185;2207;1.1;0.0
FR;49;2021-01-29;4413;1574;97598;3781;1.1;0.0
FR;49;2021-01-30;695;381;98293;4162;1.1;0.0
FR;49;2021-01-31;138;125;98431;4287;1.1;0.0
FR;49;2021-02-01;1376;2092;99807;6379;1.2;0.1
FR;49;2021-02-02;2294;3208;102101;9587;1.2;0.1
FR;49;2021-02-03;2312;3392;104413;12979;1.2;0.2
FR;49;2021-02-04;3389;4797;107802;17776;1.3;0.2
FR;49;2021-02-05;2809;4898;110611;22674;1.3;0.3
FR;49;2021-02-06;573;892;111184;23566;1.3;0.3
FR;49;2021-02-07;519;298;111703;23864;1.3;0.3
FR;49;2021-02-08;1944;4078;113647;27942;1.3;0.3
FR;49;2021-02-09;4344;5786;117991;33728;1.4;0.4
FR;49;2021-02-10;5512;6099;123503;39827;1.4;0.5
FR;49;2021-02-11;8021;8046;131524;47873;1.5;0.6
FR;49;2021-02-12;7323;6513;138847;54386;1.6;0.6
FR;49;2021-02-13;1704;1033;140551;55419;1.6;0.6
FR;49;2021-02-14;408;408;140959;55827;1.6;0.6
FR;49;2021-02-15;4134;3919;145093;59746;1.7;0.7
FR;49;2021-02-16;5390;5389;150483;65135;1.8;0.8
FR;49;2021-02-17;5145;4693;155628;69828;1.8;0.8
FR;49;2021-02-18;7516;6282;163144;76110;1.9;0.9
FR;49;2021-02-19;7089;4963;170233;81073;2.0;0.9
FR;49;2021-02-20;1496;816;171729;81889;2.0;1.0
FR;49;2021-02-21;280;226;172009;82115;2.0;1.0
FR;49;2021-02-22;3543;2687;175552;84802;2.0;1.0
FR;49;2021-02-23;4895;3188;180447;87990;2.1;1.0
FR;49;2021-02-24;4921;2898;185368;90888;2.2;1.1
FR;49;2021-02-25;7601;4274;192969;95162;2.2;1.1
FR;49;2021-02-26;8292;3236;201261;98398;2.3;1.1
FR;49;2021-02-27;2700;590;203961;98988;2.4;1.2
FR;49;2021-02-28;337;138;204298;99126;2.4;1.2
FR;49;2021-03-01;3856;1690;208154;100816;2.4;1.2
FR;49;2021-03-02;5822;2560;213976;103376;2.5;1.2
FR;49;2021-03-03;6075;2598;220051;105974;2.6;1.2
FR;49;2021-03-04;8994;3594;229045;109568;2.7;1.3
FR;49;2021-03-05;12638;3406;241683;112974;2.8;1.3
FR;49;2021-03-06;8658;695;250341;113669;2.9;1.3
FR;49;2021-03-07;4703;453;255044;114122;3.0;1.3
FR;49;2021-03-08;6447;1763;261491;115885;3.0;1.3
FR;49;2021-03-09;9611;2460;271102;118345;3.2;1.4
FR;49;2021-03-10;9047;2465;280149;120810;3.3;1.4
FR;49;2021-03-11;12913;3624;293062;124434;3.4;1.4
FR;49;2021-03-12;16545;3170;309607;127604;3.6;1.5
FR;49;2021-03-13;9585;719;319192;128323;3.7;1.5
FR;49;2021-03-14;3146;275;322338;128598;3.8;1.5
FR;49;2021-03-15;6937;1515;329275;130113;3.8;1.5
FR;49;2021-03-16;4656;2183;333931;132296;3.9;1.5
FR;49;2021-03-17;5201;2066;339132;134362;3.9;1.6
FR;49;2021-03-18;6577;2880;345709;137242;4.0;1.6
FR;49;2021-03-19;9564;2410;355273;139652;4.1;1.6
FR;49;2021-03-20;5899;615;361172;140267;4.2;1.6
FR;49;2021-03-21;3145;241;364317;140508;4.2;1.6
FR;49;2021-03-22;6332;1545;370649;142053;4.3;1.7
FR;49;2021-03-23;8631;2229;379280;144282;4.4;1.7
FR;49;2021-03-24;9569;2062;388849;146344;4.5;1.7
FR;49;2021-03-25;12395;2482;401244;148826;4.7;1.7
FR;49;2021-03-26;14770;2430;416014;151256;4.8;1.8
FR;49;2021-03-27;9391;916;425405;152172;5.0;1.8
FR;49;2021-03-28;3851;324;429256;152496;5.0;1.8
FR;49;2021-03-29;9904;1937;439160;154433;5.1;1.8
FR;49;2021-03-30;14331;2821;453491;157254;5.3;1.8
FR;49;2021-03-31;15628;2933;469119;160187;5.5;1.9
FR;49;2021-04-01;19950;3884;489069;164071;5.7;1.9
FR;49;2021-04-02;17535;3600;506604;167671;5.9;2.0
FR;49;2021-04-03;9381;1880;515985;169551;6.0;2.0
FR;49;2021-04-04;4126;645;520111;170196;6.1;2.0
FR;49;2021-04-05;4219;553;524330;170749;6.1;2.0
FR;49;2021-04-06;13247;3484;537577;174233;6.3;2.0
FR;49;2021-04-07;17748;4382;555325;178615;6.5;2.1
FR;49;2021-04-08;22514;5368;577839;183983;6.7;2.1
FR;49;2021-04-09;23647;5532;601486;189515;7.0;2.2
FR;49;2021-04-10;12442;3457;613928;192972;7.1;2.2
FR;49;2021-04-11;4480;1704;618408;194676;7.2;2.3
FR;49;2021-04-12;14184;3872;632592;198548;7.4;2.3
FR;49;2021-04-13;18819;5900;651411;204448;7.6;2.4
FR;49;2021-04-14;19516;6080;670927;210528;7.8;2.5
FR;49;2021-04-15;20446;7198;691373;217726;8.0;2.5
FR;49;2021-04-16;17602;7439;708975;225165;8.3;2.6
FR;49;2021-04-17;9912;4711;718887;229876;8.4;2.7
FR;49;2021-04-18;3373;2319;722260;232195;8.4;2.7
FR;49;2021-04-19;12054;6450;734314;238645;8.5;2.8
FR;49;2021-04-20;14237;9123;748551;247768;8.7;2.9
FR;49;2021-04-21;16081;10255;764632;258023;8.9;3.0
FR;49;2021-04-22;17700;13268;782332;271291;9.1;3.2
FR;49;2021-04-23;18228;14229;800560;285520;9.3;3.3
FR;49;2021-04-24;12679;7855;813239;293375;9.5;3.4
FR;49;2021-04-25;5510;3168;818749;296543;9.5;3.5
FR;49;2021-04-26;13786;10041;832535;306584;9.7;3.6
FR;49;2021-04-27;18754;13185;851289;319769;9.9;3.7
FR;49;2021-04-28;22813;14717;874102;334486;10.2;3.9
FR;49;2021-04-29;27783;17459;901885;351945;10.5;4.1
FR;49;2021-04-30;32070;18272;933955;370217;10.9;4.3
FR;49;2021-05-01;24353;5857;958308;376074;11.2;4.4
FR;49;2021-05-02;16588;3947;974896;380021;11.3;4.4
FR;49;2021-05-03;39847;15698;1014743;395719;11.8;4.6
FR;49;2021-05-04;46927;20510;1061670;416229;12.4;4.8
FR;49;2021-05-05;56194;21869;1117864;438098;13.0;5.1
FR;49;2021-05-06;62688;24896;1180552;462994;13.7;5.4
FR;49;2021-05-07;66078;26279;1246630;489273;14.5;5.7
FR;49;2021-05-08;53742;9443;1300372;498716;15.1;5.8
FR;49;2021-05-09;32386;6353;1332758;505069;15.5;5.9
FR;49;2021-05-10;57919;20954;1390677;526023;16.2;6.1
FR;49;2021-05-11;72512;24159;1463189;550182;17.0;6.4
FR;49;2021-05-12;91285;24415;1554474;574597;18.1;6.7
FR;49;2021-05-13;80670;7981;1635144;582578;19.0;6.8
FR;49;2021-05-14;97268;16039;1732412;598617;20.2;7.0
FR;49;2021-05-15;86873;11078;1819285;609695;21.2;7.1
FR;49;2021-05-16;53235;4637;1872520;614332;21.8;7.1
FR;49;2021-05-17;82304;16524;1954824;630856;22.7;7.3
FR;49;2021-05-18;99151;18182;2053975;649038;23.9;7.6
FR;49;2021-05-19;110746;19644;2164721;668682;25.2;7.8
FR;49;2021-05-20;114333;20008;2279054;688690;26.5;8.0
FR;49;2021-05-21;113734;20209;2392788;708899;27.8;8.2
FR;49;2021-05-22;87523;10695;2480311;719594;28.9;8.4
FR;49;2021-05-23;42902;4089;2523213;723683;29.4;8.4
FR;49;2021-05-24;67164;6969;2590377;730652;30.1;8.5
FR;49;2021-05-25;94760;21032;2685137;751684;31.2;8.7
FR;49;2021-05-26;101715;22976;2786852;774660;32.4;9.0
FR;49;2021-05-27;104503;24202;2891355;798862;33.6;9.3
FR;49;2021-05-28;99998;26918;2991353;825780;34.8;9.6
FR;49;2021-05-29;74170;15639;3065523;841419;35.7;9.8
FR;49;2021-05-30;26774;4757;3092297;846176;36.0;9.8
FR;49;2021-05-31;87614;21400;3179911;867576;37.0;10.1
FR;49;2021-06-01;100374;26593;3280285;894169;38.2;10.4
FR;49;2021-06-02;101713;26761;3381998;920930;39.4;10.7
FR;49;2021-06-03;109026;28066;3491024;948996;40.6;11.0
FR;49;2021-06-04;108711;31497;3599735;980493;41.9;11.4
FR;49;2021-06-05;74495;21043;3674230;1001536;42.8;11.7
FR;49;2021-06-06;31904;7630;3706134;1009166;43.1;11.7
FR;49;2021-06-07;77600;27936;3783734;1037102;44.0;12.1
FR;49;2021-06-08;87890;30919;3871624;1068021;45.1;12.4
FR;49;2021-06-09;89063;35767;3960687;1103788;46.1;12.8
FR;49;2021-06-10;87482;36717;4048169;1140505;47.1;13.3
FR;49;2021-06-11;87531;46452;4135700;1186957;48.1;13.8
FR;49;2021-06-12;65225;38386;4200925;1225343;48.9;14.3
FR;49;2021-06-13;23506;18073;4224431;1243416;49.2;14.5
FR;49;2021-06-14;50390;56720;4274821;1300136;49.7;15.1
FR;49;2021-06-15;58299;61341;4333120;1361477;50.4;15.8
FR;49;2021-06-16;57242;69434;4390362;1430911;51.1;16.7
FR;49;2021-06-17;59812;63589;4450174;1494500;51.8;17.4
FR;49;2021-06-18;57618;79566;4507792;1574066;52.5;18.3
FR;49;2021-06-19;38818;63517;4546610;1637583;52.9;19.1
FR;49;2021-06-20;11929;27094;4558539;1664677;53.1;19.4
FR;49;2021-06-21;32821;80967;4591360;1745644;53.4;20.3
FR;49;2021-06-22;37577;90766;4628937;1836410;53.9;21.4
FR;49;2021-06-23;36798;100656;4665735;1937066;54.3;22.5
FR;49;2021-06-24;40292;84809;4706027;2021875;54.8;23.5
FR;59;2020-12-27;2;0;2;0;0.0;0.0
FR;59;2020-12-28;6;0;8;0;0.0;0.0
FR;59;2020-12-29;2;0;10;0;0.0;0.0
FR;59;2020-12-30;6;0;16;0;0.0;0.0
FR;59;2020-12-31;10;0;26;0;0.0;0.0
FR;59;2021-01-01;26;1;52;1;0.0;0.0
FR;59;2021-01-02;30;0;82;1;0.0;0.0
FR;59;2021-01-03;36;0;118;1;0.0;0.0
FR;59;2021-01-04;596;4;714;5;0.0;0.0
FR;59;2021-01-05;2180;10;2894;15;0.0;0.0
FR;59;2021-01-06;4818;19;7712;34;0.1;0.0
FR;59;2021-01-07;10534;36;18246;70;0.2;0.0
FR;59;2021-01-08;14353;35;32599;105;0.4;0.0
FR;59;2021-01-09;4077;13;36676;118;0.4;0.0
FR;59;2021-01-10;1992;4;38668;122;0.4;0.0
FR;59;2021-01-11;16001;41;54669;163;0.6;0.0
FR;59;2021-01-12;21195;70;75864;233;0.9;0.0
FR;59;2021-01-13;22772;80;98636;313;1.1;0.0
FR;59;2021-01-14;24828;252;123464;565;1.4;0.0
FR;59;2021-01-15;21663;134;145127;699;1.7;0.0
FR;59;2021-01-16;5448;33;150575;732;1.7;0.0
FR;59;2021-01-17;1804;13;152379;745;1.7;0.0
FR;59;2021-01-18;13627;95;166006;840;1.9;0.0
FR;59;2021-01-19;18008;113;184014;953;2.1;0.0
FR;59;2021-01-20;17155;99;201169;1052;2.3;0.0
FR;59;2021-01-21;18878;99;220047;1151;2.5;0.0
FR;59;2021-01-22;13987;116;234034;1267;2.7;0.0
FR;59;2021-01-23;2965;25;236999;1292;2.7;0.0
FR;59;2021-01-24;847;16;237846;1308;2.7;0.0
FR;59;2021-01-25;6726;633;244572;1941;2.8;0.0
FR;59;2021-01-26;8473;1403;253045;3344;2.9;0.0
FR;59;2021-01-27;8846;2421;261891;5765;3.0;0.1
FR;59;2021-01-28;10539;5073;272430;10838;3.1;0.1
FR;59;2021-01-29;7855;6665;280285;17503;3.2;0.2
FR;59;2021-01-30;1767;1515;282052;19018;3.2;0.2
FR;59;2021-01-31;373;548;282425;19566;3.2;0.2
FR;59;2021-02-01;3172;8755;285597;28321;3.2;0.3
FR;59;2021-02-02;4703;12489;290300;40810;3.3;0.5
FR;59;2021-02-03;4834;13559;295134;54369;3.4;0.6
FR;59;2021-02-04;5971;15918;301105;70287;3.4;0.8
FR;59;2021-02-05;4845;14938;305950;85225;3.5;1.0
FR;59;2021-02-06;1164;3005;307114;88230;3.5;1.0
FR;59;2021-02-07;388;986;307502;89216;3.5;1.0
FR;59;2021-02-08;2765;12489;310267;101705;3.5;1.2
FR;59;2021-02-09;4927;16204;315194;117909;3.6;1.3
FR;59;2021-02-10;5711;16101;320905;134010;3.6;1.5
FR;59;2021-02-11;7683;19766;328588;153776;3.7;1.7
FR;59;2021-02-12;6784;16063;335372;169839;3.8;1.9
FR;59;2021-02-13;1701;3459;337073;173298;3.8;2.0
FR;59;2021-02-14;361;984;337434;174282;3.8;2.0
FR;59;2021-02-15;3277;10560;340711;184842;3.9;2.1
FR;59;2021-02-16;4747;13599;345458;198441;3.9;2.3
FR;59;2021-02-17;4971;12372;350429;210813;4.0;2.4
FR;59;2021-02-18;7094;13913;357523;224726;4.1;2.6
FR;59;2021-02-19;6493;10774;364016;235500;4.1;2.7
FR;59;2021-02-20;1419;2495;365435;237995;4.2;2.7
FR;59;2021-02-21;285;571;365720;238566;4.2;2.7
FR;59;2021-02-22;3282;6397;369002;244963;4.2;2.8
FR;59;2021-02-23;4857;7169;373859;252132;4.3;2.9
FR;59;2021-02-24;6881;6452;380740;258584;4.3;2.9
FR;59;2021-02-25;21278;8633;402018;267217;4.6;3.0
FR;59;2021-02-26;28319;6396;430337;273613;4.9;3.1
FR;59;2021-02-27;17141;1590;447478;275203;5.1;3.1
FR;59;2021-02-28;1115;386;448593;275589;5.1;3.1
FR;59;2021-03-01;8850;3586;457443;279175;5.2;3.2
FR;59;2021-03-02;17201;5009;474644;284184;5.4;3.2
FR;59;2021-03-03;20731;5137;495375;289321;5.6;3.3
FR;59;2021-03-04;32393;6085;527768;295406;6.0;3.4
FR;59;2021-03-05;41007;5700;568775;301106;6.5;3.4
FR;59;2021-03-06;36197;1711;604972;302817;6.9;3.4
FR;59;2021-03-07;14133;1136;619105;303953;7.0;3.5
FR;59;2021-03-08;12341;3279;631446;307232;7.2;3.5
FR;59;2021-03-09;22925;4345;654371;311577;7.4;3.5
FR;59;2021-03-10;23204;4437;677575;316014;7.7;3.6
FR;59;2021-03-11;34446;5691;712021;321705;8.1;3.7
FR;59;2021-03-12;45475;4905;757496;326610;8.6;3.7
FR;59;2021-03-13;36252;1526;793748;328136;9.0;3.7
FR;59;2021-03-14;7206;459;800954;328595;9.1;3.7
FR;59;2021-03-15;14542;2621;815496;331216;9.3;3.8
FR;59;2021-03-16;7939;3030;823435;334246;9.4;3.8
FR;59;2021-03-17;8779;3186;832214;337432;9.5;3.8
FR;59;2021-03-18;10487;4071;842701;341503;9.6;3.9
FR;59;2021-03-19;23540;3644;866241;345147;9.9;3.9
FR;59;2021-03-20;21143;1178;887384;346325;10.1;3.9
FR;59;2021-03-21;6289;416;893673;346741;10.2;3.9
FR;59;2021-03-22;15536;2725;909209;349466;10.3;4.0
FR;59;2021-03-23;25474;3617;934683;353083;10.6;4.0
FR;59;2021-03-24;28072;3637;962755;356720;10.9;4.1
FR;59;2021-03-25;38057;4027;1000812;360747;11.4;4.1
FR;59;2021-03-26;42981;4311;1043793;365058;11.9;4.2
FR;59;2021-03-27;26933;1866;1070726;366924;12.2;4.2
FR;59;2021-03-28;7544;492;1078270;367416;12.3;4.2
FR;59;2021-03-29;21719;3451;1099989;370867;12.5;4.2
FR;59;2021-03-30;32195;4545;1132184;375412;12.9;4.3
FR;59;2021-03-31;31507;4812;1163691;380224;13.2;4.3
FR;59;2021-04-01;38509;5991;1202200;386215;13.7;4.4
FR;59;2021-04-02;36957;5954;1239157;392169;14.1;4.5
FR;59;2021-04-03;21339;3511;1260496;395680;14.3;4.5
FR;59;2021-04-04;7355;1253;1267851;396933;14.4;4.5
FR;59;2021-04-05;8270;1137;1276121;398070;14.5;4.5
FR;59;2021-04-06;25760;6024;1301881;404094;14.8;4.6
FR;59;2021-04-07;33944;7259;1335825;411353;15.2;4.7
FR;59;2021-04-08;45119;8694;1380944;420047;15.7;4.8
FR;59;2021-04-09;60829;9332;1441773;429379;16.4;4.9
FR;59;2021-04-10;36496;7211;1478269;436590;16.8;5.0
FR;59;2021-04-11;9750;3557;1488019;440147;16.9;5.0
FR;59;2021-04-12;35322;7538;1523341;447685;17.3;5.1
FR;59;2021-04-13;49894;10348;1573235;458033;17.9;5.2
FR;59;2021-04-14;50238;10321;1623473;468354;18.5;5.3
FR;59;2021-04-15;59558;11980;1683031;480334;19.1;5.5
FR;59;2021-04-16;63365;12671;1746396;493005;19.9;5.6
FR;59;2021-04-17;41494;9847;1787890;502852;20.3;5.7
FR;59;2021-04-18;12293;4677;1800183;507529;20.5;5.8
FR;59;2021-04-19;33286;11288;1833469;518817;20.9;5.9
FR;59;2021-04-20;44764;14883;1878233;533700;21.4;6.1
FR;59;2021-04-21;47424;16641;1925657;550341;21.9;6.3
FR;59;2021-04-22;55945;19678;1981602;570019;22.5;6.5
FR;59;2021-04-23;65479;21053;2047081;591072;23.3;6.7
FR;59;2021-04-24;47542;15682;2094623;606754;23.8;6.9
FR;59;2021-04-25;16662;5509;2111285;612263;24.0;7.0
FR;59;2021-04-26;41506;17623;2152791;629886;24.5;7.2
FR;59;2021-04-27;56662;23458;2209453;653344;25.1;7.4
FR;59;2021-04-28;64434;26112;2273887;679456;25.9;7.7
FR;59;2021-04-29;78294;31843;2352181;711299;26.8;8.1
FR;59;2021-04-30;92709;36812;2444890;748111;27.8;8.5
FR;59;2021-05-01;43664;11142;2488554;759253;28.3;8.6
FR;59;2021-05-02;23515;7344;2512069;766597;28.6;8.7
FR;59;2021-05-03;62953;26448;2575022;793045;29.3;9.0
FR;59;2021-05-04;71467;34555;2646489;827600;30.1;9.4
FR;59;2021-05-05;77813;37539;2724302;865139;31.0;9.8
FR;59;2021-05-06;89743;43861;2814045;909000;32.0;10.3
FR;59;2021-05-07;98235;54127;2912280;963127;33.1;11.0
FR;59;2021-05-08;60928;16737;2973208;979864;33.8;11.1
FR;59;2021-05-09;39454;10478;3012662;990342;34.3;11.3
FR;59;2021-05-10;96282;40295;3108944;1030637;35.4;11.7
FR;59;2021-05-11;126167;49582;3235111;1080219;36.8;12.3
FR;59;2021-05-12;124136;46439;3359247;1126658;38.2;12.8
FR;59;2021-05-13;92939;14578;3452186;1141236;39.3;13.0
FR;59;2021-05-14;129571;34463;3581757;1175699;40.7;13.4
FR;59;2021-05-15;114611;25605;3696368;1201304;42.0;13.7
FR;59;2021-05-16;55351;7221;3751719;1208525;42.7;13.7
FR;59;2021-05-17;105699;30792;3857418;1239317;43.9;14.1
FR;59;2021-05-18;117928;34289;3975346;1273606;45.2;14.5
FR;59;2021-05-19;119055;35530;4094401;1309136;46.6;14.9
FR;59;2021-05-20;122688;42362;4217089;1351498;48.0;15.4
FR;59;2021-05-21;122139;48684;4339228;1400182;49.4;15.9
FR;59;2021-05-22;81924;25426;4421152;1425608;50.3;16.2
FR;59;2021-05-23;31291;5161;4452443;1430769;50.6;16.3
FR;59;2021-05-24;52034;9936;4504477;1440705;51.2;16.4
FR;59;2021-05-25;84499;41996;4588976;1482701;52.2;16.9
FR;59;2021-05-26;83577;44293;4672553;1526994;53.1;17.4
FR;59;2021-05-27;90224;52483;4762777;1579477;54.2;18.0
FR;59;2021-05-28;91946;66697;4854723;1646174;55.2;18.7
FR;59;2021-05-29;60400;40090;4915123;1686264;55.9;19.2
FR;59;2021-05-30;16143;7804;4931266;1694068;56.1;19.3
FR;59;2021-05-31;58691;42459;4989957;1736527;56.8;19.7
FR;59;2021-06-01;68356;53828;5058313;1790355;57.5;20.4
FR;59;2021-06-02;62500;52842;5120813;1843197;58.2;21.0
FR;59;2021-06-03;69850;58464;5190663;1901661;59.0;21.6
FR;59;2021-06-04;71874;71834;5262537;1973495;59.9;22.4
FR;59;2021-06-05;45838;48835;5308375;2022330;60.4;23.0
FR;59;2021-06-06;14281;12605;5322656;2034935;60.5;23.1
FR;59;2021-06-07;44034;54909;5366690;2089844;61.0;23.8
FR;59;2021-06-08;53260;61571;5419950;2151415;61.6;24.5
FR;59;2021-06-09;50693;65168;5470643;2216583;62.2;25.2
FR;59;2021-06-10;53965;64897;5524608;2281480;62.8;25.9
FR;59;2021-06-11;56000;85268;5580608;2366748;63.5;26.9
FR;59;2021-06-12;38850;56781;5619458;2423529;63.9;27.6
FR;59;2021-06-13;11113;19649;5630571;2443178;64.0;27.8
FR;59;2021-06-14;30173;79379;5660744;2522557;64.4;28.7
FR;59;2021-06-15;35643;85477;5696387;2608034;64.8;29.7
FR;59;2021-06-16;33656;87404;5730043;2695438;65.2;30.7
FR;59;2021-06-17;37047;86207;5767090;2781645;65.6;31.6
FR;59;2021-06-18;37765;113650;5804855;2895295;66.0;32.9
FR;59;2021-06-19;23971;80164;5828826;2975459;66.3;33.8
FR;59;2021-06-20;6052;30789;5834878;3006248;66.4;34.2
FR;59;2021-06-21;20198;114210;5855076;3120458;66.6;35.5
FR;59;2021-06-22;25381;128313;5880457;3248771;66.9;36.9
FR;59;2021-06-23;23273;125183;5903730;3373954;67.1;38.4
FR;59;2021-06-24;27253;105953;5930983;3479907;67.5;39.6
FR;64;2020-12-27;1;0;1;0;0.0;0.0
FR;64;2020-12-28;1;0;2;0;0.0;0.0
FR;64;2020-12-29;2;0;4;0;0.0;0.0
FR;64;2020-12-30;6;0;10;0;0.0;0.0
FR;64;2020-12-31;5;0;15;0;0.0;0.0
FR;64;2021-01-01;9;0;24;0;0.0;0.0
FR;64;2021-01-02;13;0;37;0;0.0;0.0
FR;64;2021-01-03;19;0;56;0;0.0;0.0
FR;64;2021-01-04;209;1;265;1;0.0;0.0
FR;64;2021-01-05;902;4;1167;5;0.0;0.0
FR;64;2021-01-06;1694;4;2861;9;0.1;0.0
FR;64;2021-01-07;3664;10;6525;19;0.2;0.0
FR;64;2021-01-08;4898;15;11423;34;0.3;0.0
FR;64;2021-01-09;1964;2;13387;36;0.3;0.0
FR;64;2021-01-10;1032;1;14419;37;0.4;0.0
FR;64;2021-01-11;5299;11;19718;48;0.5;0.0
FR;64;2021-01-12;7165;15;26883;63;0.7;0.0
FR;64;2021-01-13;7476;20;34359;83;0.8;0.0
FR;64;2021-01-14;8592;89;42951;172;1.0;0.0
FR;64;2021-01-15;7114;40;50065;212;1.2;0.0
FR;64;2021-01-16;2223;18;52288;230;1.3;0.0
FR;64;2021-01-17;846;9;53134;239;1.3;0.0
FR;64;2021-01-18;4698;21;57832;260;1.4;0.0
FR;64;2021-01-19;6420;28;64252;288;1.6;0.0
FR;64;2021-01-20;6253;38;70505;326;1.7;0.0
FR;64;2021-01-21;6941;28;77446;354;1.9;0.0
FR;64;2021-01-22;5451;34;82897;388;2.0;0.0
FR;64;2021-01-23;1422;13;84319;401;2.1;0.0
FR;64;2021-01-24;435;9;84754;410;2.1;0.0
FR;64;2021-01-25;2783;208;87537;618;2.1;0.0
FR;64;2021-01-26;3549;500;91086;1118;2.2;0.0
FR;64;2021-01-27;3775;891;94861;2009;2.3;0.0
FR;64;2021-01-28;4580;1759;99441;3768;2.4;0.1
FR;64;2021-01-29;3540;2331;102981;6099;2.5;0.1
FR;64;2021-01-30;840;709;103821;6808;2.5;0.2
FR;64;2021-01-31;173;279;103994;7087;2.5;0.2
FR;64;2021-02-01;1533;2870;105527;9957;2.6;0.2
FR;64;2021-02-02;2159;4149;107686;14106;2.6;0.3
FR;64;2021-02-03;2314;4367;110000;18473;2.7;0.5
FR;64;2021-02-04;2829;5511;112829;23984;2.8;0.6
FR;64;2021-02-05;2196;4974;115025;28958;2.8;0.7
FR;64;2021-02-06;669;1305;115694;30263;2.8;0.7
FR;64;2021-02-07;165;493;115859;30756;2.8;0.7
FR;64;2021-02-08;1492;4199;117351;34955;2.9;0.9
FR;64;2021-02-09;2351;5671;119702;40626;2.9;1.0
FR;64;2021-02-10;2582;5678;122284;46304;3.0;1.1
FR;64;2021-02-11;3470;7235;125754;53539;3.1;1.3
FR;64;2021-02-12;3115;5457;128869;58996;3.1;1.4
FR;64;2021-02-13;852;1449;129721;60445;3.2;1.5
FR;64;2021-02-14;198;437;129919;60882;3.2;1.5
FR;64;2021-02-15;1596;3892;131515;64774;3.2;1.6
FR;64;2021-02-16;2089;5153;133604;69927;3.3;1.7
FR;64;2021-02-17;2217;4650;135821;74577;3.3;1.8
FR;64;2021-02-18;3254;5469;139075;80046;3.4;2.0
FR;64;2021-02-19;3025;4224;142100;84270;3.5;2.1
FR;64;2021-02-20;813;1204;142913;85474;3.5;2.1
FR;64;2021-02-21;135;255;143048;85729;3.5;2.1
FR;64;2021-02-22;1503;2671;144551;88400;3.5;2.2
FR;64;2021-02-23;2419;2924;146970;91324;3.6;2.2
FR;64;2021-02-24;3887;2869;150857;94193;3.7;2.3
FR;64;2021-02-25;16101;3906;166958;98099;4.1;2.4
FR;64;2021-02-26;21869;2852;188827;100951;4.6;2.5
FR;64;2021-02-27;13105;804;201932;101755;4.9;2.5
FR;64;2021-02-28;802;175;202734;101930;4.9;2.5
FR;64;2021-03-01;6585;1775;209319;103705;5.1;2.5
FR;64;2021-03-02;13166;2405;222485;106110;5.4;2.6
FR;64;2021-03-03;16007;2476;238492;108586;5.8;2.6
FR;64;2021-03-04;25285;2985;263777;111571;6.4;2.7
FR;64;2021-03-05;30599;2815;294376;114386;7.2;2.8
FR;64;2021-03-06;26968;928;321344;115314;7.8;2.8
FR;64;2021-03-07;9918;578;331262;115892;8.1;2.8
FR;64;2021-03-08;8864;1859;340126;117751;8.3;2.9
FR;64;2021-03-09;16885;2120;357011;119871;8.7;2.9
FR;64;2021-03-10;17155;2255;374166;122126;9.1;3.0
FR;64;2021-03-11;26032;2970;400198;125096;9.8;3.0
FR;64;2021-03-12;33555;2604;433753;127700;10.6;3.1
FR;64;2021-03-13;27452;917;461205;128617;11.2;3.1
FR;64;2021-03-14;5455;235;466660;128852;11.4;3.1
FR;64;2021-03-15;11097;1502;477757;130354;11.6;3.2
FR;64;2021-03-16;6027;1799;483784;132153;11.8;3.2
FR;64;2021-03-17;6163;1712;489947;133865;11.9;3.3
FR;64;2021-03-18;7705;2100;497652;135965;12.1;3.3
FR;64;2021-03-19;18996;2004;516648;137969;12.6;3.4
FR;64;2021-03-20;18578;821;535226;138790;13.0;3.4
FR;64;2021-03-21;4731;247;539957;139037;13.2;3.4
FR;64;2021-03-22;13575;1626;553532;140663;13.5;3.4
FR;64;2021-03-23;23580;2111;577112;142774;14.1;3.5
FR;64;2021-03-24;25237;2228;602349;145002;14.7;3.5
FR;64;2021-03-25;36741;2536;639090;147538;15.6;3.6
FR;64;2021-03-26;40287;2498;679377;150036;16.6;3.7
FR;64;2021-03-27;21359;1104;700736;151140;17.1;3.7
FR;64;2021-03-28;5100;273;705836;151413;17.2;3.7
FR;64;2021-03-29;17599;2213;723435;153626;17.6;3.7
FR;64;2021-03-30;27389;2954;750824;156580;18.3;3.8
FR;64;2021-03-31;24201;3025;775025;159605;18.9;3.9
FR;64;2021-04-01;30648;3904;805673;163509;19.6;4.0
FR;64;2021-04-02;29272;3702;834945;167211;20.4;4.1
FR;64;2021-04-03;16016;2415;850961;169626;20.7;4.1
FR;64;2021-04-04;4038;809;854999;170435;20.8;4.2
FR;64;2021-04-05;5116;814;860115;171249;21.0;4.2
FR;64;2021-04-06;19267;4352;879382;175601;21.4;4.3
FR;64;2021-04-07;23600;4901;902982;180502;22.0;4.4
FR;64;2021-04-08;34665;5764;937647;186266;22.9;4.5
FR;64;2021-04-09;53575;6287;991222;192553;24.2;4.7
FR;64;2021-04-10;29890;5129;1021112;197682;24.9;4.8
FR;64;2021-04-11;6270;2627;1027382;200309;25.0;4.9
FR;64;2021-04-12;28075;5276;1055457;205585;25.7;5.0
FR;64;2021-04-13;42583;7503;1098040;213088;26.8;5.2
FR;64;2021-04-14;40793;7274;1138833;220362;27.8;5.4
FR;64;2021-04-15;51975;8547;1190808;228909;29.0;5.6
FR;64;2021-04-16;64310;9061;1255118;237970;30.6;5.8
FR;64;2021-04-17;38539;7219;1293657;245189;31.5;6.0
FR;64;2021-04-18;10925;3364;1304582;248553;31.8;6.1
FR;64;2021-04-19;41988;8666;1346570;257219;32.8;6.3
FR;64;2021-04-20;52653;10542;1399223;267761;34.1;6.5
FR;64;2021-04-21;52533;11008;1451756;278769;35.4;6.8
FR;64;2021-04-22;57398;12908;1509154;291677;36.8;7.1
FR;64;2021-04-23;60916;12865;1570070;304542;38.3;7.4
FR;64;2021-04-24;43391;9184;1613461;313726;39.3;7.6
FR;64;2021-04-25;16226;3408;1629687;317134;39.7;7.7
FR;64;2021-04-26;50044;11627;1679731;328761;40.9;8.0
FR;64;2021-04-27;63027;15665;1742758;344426;42.5;8.4
FR;64;2021-04-28;64065;16120;1806823;360546;44.0;8.8
FR;64;2021-04-29;73733;20561;1880556;381107;45.8;9.3
FR;64;2021-04-30;75297;22105;1955853;403212;47.7;9.8
FR;64;2021-05-01;29350;6737;1985203;409949;48.4;10.0
FR;64;2021-05-02;14493;4012;1999696;413961;48.7;10.1
FR;64;2021-05-03;52355;15969;2052051;429930;50.0;10.5
FR;64;2021-05-04;53342;21709;2105393;451639;51.3;11.0
FR;64;2021-05-05;49544;22783;2154937;474422;52.5;11.6
FR;64;2021-05-06;56917;28907;2211854;503329;53.9;12.3
FR;64;2021-05-07;50981;34071;2262835;537400;55.2;13.1
FR;64;2021-05-08;21104;9356;2283939;546756;55.7;13.3
FR;64;2021-05-09;10063;5524;2294002;552280;55.9;13.5
FR;64;2021-05-10;34727;26847;2328729;579127;56.8;14.1
FR;64;2021-05-11;44158;37208;2372887;616335;57.8;15.0
FR;64;2021-05-12;39319;35052;2412206;651387;58.8;15.9
FR;64;2021-05-13;22104;10087;2434310;661474;59.3;16.1
FR;64;2021-05-14;36437;29116;2470747;690590;60.2;16.8
FR;64;2021-05-15;21316;19020;2492063;709610;60.7;17.3
FR;64;2021-05-16;7979;4316;2500042;713926;60.9;17.4
FR;64;2021-05-17;26956;25450;2526998;739376;61.6;18.0
FR;64;2021-05-18;33610;28388;2560608;767764;62.4;18.7
FR;64;2021-05-19;30514;26405;2591122;794169;63.2;19.4
FR;64;2021-05-20;35074;33287;2626196;827456;64.0;20.2
FR;64;2021-05-21;30280;37404;2656476;864860;64.8;21.1
FR;64;2021-05-22;14855;17709;2671331;882569;65.1;21.5
FR;64;2021-05-23;5131;2838;2676462;885407;65.2;21.6
FR;64;2021-05-24;10778;6495;2687240;891902;65.5;21.7
FR;64;2021-05-25;22730;34356;2709970;926258;66.1;22.6
FR;64;2021-05-26;21514;34975;2731484;961233;66.6;23.4
FR;64;2021-05-27;26043;42999;2757527;1004232;67.2;24.5
FR;64;2021-05-28;24523;55756;2782050;1059988;67.8;25.8
FR;64;2021-05-29;11934;33522;2793984;1093510;68.1;26.7
FR;64;2021-05-30;2673;7430;2796657;1100940;68.2;26.8
FR;64;2021-05-31;15852;45986;2812509;1146926;68.6;28.0
FR;64;2021-06-01;20867;56408;2833376;1203334;69.1;29.3
FR;64;2021-06-02;17063;50435;2850439;1253769;69.5;30.6
FR;64;2021-06-03;21213;55032;2871652;1308801;70.0;31.9
FR;64;2021-06-04;19855;66567;2891507;1375368;70.5;33.5
FR;64;2021-06-05;9396;43238;2900903;1418606;70.7;34.6
FR;64;2021-06-06;2669;10968;2903572;1429574;70.8;34.8
FR;64;2021-06-07;12348;60870;2915920;1490444;71.1;36.3
FR;64;2021-06-08;16484;66654;2932404;1557098;71.5;38.0
FR;64;2021-06-09;14632;58430;2947036;1615528;71.8;39.4
FR;64;2021-06-10;16560;57030;2963596;1672558;72.2;40.8
FR;64;2021-06-11;15095;69923;2978691;1742481;72.6;42.5
FR;64;2021-06-12;8098;36108;2986789;1778589;72.8;43.4
FR;64;2021-06-13;2120;9749;2988909;1788338;72.9;43.6
FR;64;2021-06-14;8926;64685;2997835;1853023;73.1;45.2
FR;64;2021-06-15;11705;66322;3009540;1919345;73.4;46.8
FR;64;2021-06-16;9956;53316;3019496;1972661;73.6;48.1
FR;64;2021-06-17;12026;55820;3031522;2028481;73.9;49.4
FR;64;2021-06-18;11029;61262;3042551;2089743;74.2;50.9
FR;64;2021-06-19;5481;29071;3048032;2118814;74.3;51.7
FR;64;2021-06-20;1144;6588;3049176;2125402;74.3;51.8
FR;64;2021-06-21;6257;45148;3055433;2170550;74.5;52.9
FR;64;2021-06-22;8378;52514;3063811;2223064;74.7;54.2
FR;64;2021-06-23;7280;40678;3071091;2263742;74.9;55.2
FR;64;2021-06-24;9208;40041;3080299;2303783;75.1;56.2
FR;69;2020-12-27;2;0;2;0;0.0;0.0
FR;69;2020-12-28;2;0;4;0;0.0;0.0
FR;69;2020-12-29;3;0;7;0;0.0;0.0
FR;69;2020-12-30;7;0;14;0;0.0;0.0
FR;69;2020-12-31;5;0;19;0;0.0;0.0
FR;69;2021-01-01;6;0;25;0;0.0;0.0
FR;69;2021-01-02;11;1;36;1;0.0;0.0
FR;69;2021-01-03;8;0;44;1;0.0;0.0
FR;69;2021-01-04;116;0;160;1;0.0;0.0
FR;69;2021-01-05;411;4;571;5;0.0;0.0
FR;69;2021-01-06;810;2;1381;7;0.0;0.0
FR;69;2021-01-07;1895;3;3276;10;0.1;0.0
FR;69;2021-01-08;2465;1;5741;11;0.1;0.0
FR;69;2021-01-09;1127;1;6868;12;0.2;0.0
FR;69;2021-01-10;661;1;7529;13;0.2;0.0
FR;69;2021-01-11;2744;6;10273;19;0.3;0.0
FR;69;2021-01-12;3890;3;14163;22;0.4;0.0
FR;69;2021-01-13;3806;14;17969;36;0.5;0.0
FR;69;2021-01-14;4582;48;22551;84;0.6;0.0
FR;69;2021-01-15;3855;14;26406;98;0.7;0.0
FR;69;2021-01-16;1345;14;27751;112;0.7;0.0
FR;69;2021-01-17;637;3;28388;115;0.7;0.0
FR;69;2021-01-18;3264;18;31652;133;0.8;0.0
FR;69;2021-01-19;4803;21;36455;154;0.9;0.0
FR;69;2021-01-20;4775;18;41230;172;1.1;0.0
FR;69;2021-01-21;5559;23;46789;195;1.2;0.0
FR;69;2021-01-22;4385;21;51174;216;1.3;0.0
FR;69;2021-01-23;1364;5;52538;221;1.3;0.0
FR;69;2021-01-24;450;6;52988;227;1.4;0.0
FR;69;2021-01-25;2737;82;55725;309;1.4;0.0
FR;69;2021-01-26;3369;187;59094;496;1.5;0.0
FR;69;2021-01-27;3676;416;62770;912;1.6;0.0
FR;69;2021-01-28;4334;896;67104;1808;1.7;0.0
FR;69;2021-01-29;3499;1237;70603;3045;1.8;0.1
FR;69;2021-01-30;944;404;71547;3449;1.8;0.1
FR;69;2021-01-31;180;162;71727;3611;1.8;0.1
FR;69;2021-02-01;1832;1522;73559;5133;1.9;0.1
FR;69;2021-02-02;2437;2205;75996;7338;1.9;0.2
FR;69;2021-02-03;2428;2274;78424;9612;2.0;0.2
FR;69;2021-02-04;2997;2929;81421;12541;2.1;0.3
FR;69;2021-02-05;2518;2541;83939;15082;2.2;0.4
FR;69;2021-02-06;728;809;84667;15891;2.2;0.4
FR;69;2021-02-07;162;391;84829;16282;2.2;0.4
FR;69;2021-02-08;1617;2412;86446;18694;2.2;0.5
FR;69;2021-02-09;2424;3419;88870;22113;2.3;0.6
FR;69;2021-02-10;2579;3410;91449;25523;2.3;0.7
FR;69;2021-02-11;3538;4869;94987;30392;2.4;0.8
FR;69;2021-02-12;3169;3423;98156;33815;2.5;0.9
FR;69;2021-02-13;870;1037;99026;34852;2.5;0.9
FR;69;2021-02-14;218;415;99244;35267;2.5;0.9
FR;69;2021-02-15;1340;2780;100584;38047;2.6;1.0
FR;69;2021-02-16;1876;3989;102460;42036;2.6;1.1
FR;69;2021-02-17;2018;3666;104478;45702;2.7;1.2
FR;69;2021-02-18;3017;4567;107495;50269;2.8;1.3
FR;69;2021-02-19;2892;3517;110387;53786;2.8;1.4
FR;69;2021-02-20;760;1027;111147;54813;2.8;1.4
FR;69;2021-02-21;150;236;111297;55049;2.9;1.4
FR;69;2021-02-22;1624;2577;112921;57626;2.9;1.5
FR;69;2021-02-23;2291;2824;115212;60450;3.0;1.5
FR;69;2021-02-24;2673;2919;117885;63369;3.0;1.6
FR;69;2021-02-25;3903;3593;121788;66962;3.1;1.7
FR;69;2021-02-26;4294;2638;126082;69600;3.2;1.8
FR;69;2021-02-27;1823;709;127905;70309;3.3;1.8
FR;69;2021-02-28;312;182;128217;70491;3.3;1.8
FR;69;2021-03-01;2813;1943;131030;72434;3.4;1.9
FR;69;2021-03-02;4732;2462;135762;74896;3.5;1.9
FR;69;2021-03-03;6751;2499;142513;77395;3.7;2.0
FR;69;2021-03-04;11850;3059;154363;80454;4.0;2.1
FR;69;2021-03-05;17576;2756;171939;83210;4.4;2.1
FR;69;2021-03-06;23398;880;195337;84090;5.0;2.2
FR;69;2021-03-07;14840;502;210177;84592;5.4;2.2
FR;69;2021-03-08;9824;2092;220001;86684;5.6;2.2
FR;69;2021-03-09;17564;2554;237565;89238;6.1;2.3
FR;69;2021-03-10;18918;2617;256483;91855;6.6;2.4
FR;69;2021-03-11;29301;3327;285784;95182;7.3;2.4
FR;69;2021-03-12;40064;3096;325848;98278;8.4;2.5
FR;69;2021-03-13;36209;1132;362057;99410;9.3;2.5
FR;69;2021-03-14;8225;290;370282;99700;9.5;2.6
FR;69;2021-03-15;16766;1867;387048;101567;9.9;2.6
FR;69;2021-03-16;10760;2214;397808;103781;10.2;2.7
FR;69;2021-03-17;11798;2218;409606;105999;10.5;2.7
FR;69;2021-03-18;13171;2648;422777;108647;10.8;2.8
FR;69;2021-03-19;28951;2513;451728;111160;11.6;2.8
FR;69;2021-03-20;27036;977;478764;112137;12.3;2.9
FR;69;2021-03-21;7137;288;485901;112425;12.5;2.9
FR;69;2021-03-22;21270;2245;507171;114670;13.0;2.9
FR;69;2021-03-23;36338;2899;543509;117569;13.9;3.0
FR;69;2021-03-24;37620;2946;581129;120515;14.9;3.1
FR;69;2021-03-25;55216;3260;636345;123775;16.3;3.2
FR;69;2021-03-26;59343;3154;695688;126929;17.8;3.3
FR;69;2021-03-27;30278;1454;725966;128383;18.6;3.3
FR;69;2021-03-28;7615;412;733581;128795;18.8;3.3
FR;69;2021-03-29;27753;3526;761334;132321;19.5;3.4
FR;69;2021-03-30;42366;4501;803700;136822;20.6;3.5
FR;69;2021-03-31;35457;4512;839157;141334;21.5;3.6
FR;69;2021-04-01;43384;5891;882541;147225;22.6;3.8
FR;69;2021-04-02;41417;6031;923958;153256;23.7;3.9
FR;69;2021-04-03;21690;3971;945648;157227;24.2;4.0
FR;69;2021-04-04;5814;1320;951462;158547;24.4;4.1
FR;69;2021-04-05;7621;1077;959083;159624;24.6;4.1
FR;69;2021-04-06;27944;7273;987027;166897;25.3;4.3
FR;69;2021-04-07;32463;7826;1019490;174723;26.1;4.5
FR;69;2021-04-08;48654;8969;1068144;183692;27.4;4.7
FR;69;2021-04-09;70719;9221;1138863;192913;29.2;4.9
FR;69;2021-04-10;36724;7945;1175587;200858;30.1;5.1
FR;69;2021-04-11;7986;4304;1183573;205162;30.3;5.3
FR;69;2021-04-12;38635;8930;1222208;214092;31.3;5.5
FR;69;2021-04-13;53604;12072;1275812;226164;32.7;5.8
FR;69;2021-04-14;49376;11752;1325188;237916;34.0;6.1
FR;69;2021-04-15;61888;13674;1387076;251590;35.5;6.4
FR;69;2021-04-16;72684;14199;1459760;265789;37.4;6.8
FR;69;2021-04-17;39685;10758;1499445;276547;38.4;7.1
FR;69;2021-04-18;10023;5047;1509468;281594;38.7;7.2
FR;69;2021-04-19;45911;13971;1555379;295565;39.9;7.6
FR;69;2021-04-20;57182;16912;1612561;312477;41.3;8.0
FR;69;2021-04-21;53520;16634;1666081;329111;42.7;8.4
FR;69;2021-04-22;60289;18836;1726370;347947;44.2;8.9
FR;69;2021-04-23;59449;18888;1785819;366835;45.8;9.4
FR;69;2021-04-24;37331;13213;1823150;380048;46.7;9.7
FR;69;2021-04-25;13278;5026;1836428;385074;47.1;9.9
FR;69;2021-04-26;49729;18454;1886157;403528;48.3;10.3
FR;69;2021-04-27;61817;23298;1947974;426826;49.9;10.9
FR;69;2021-04-28;59874;22176;2007848;449002;51.5;11.5
FR;69;2021-04-29;70164;24952;2078012;473954;53.3;12.1
FR;69;2021-04-30;66976;24025;2144988;497979;55.0;12.8
FR;69;2021-05-01;23903;7658;2168891;505637;55.6;13.0
FR;69;2021-05-02;11199;5182;2180090;510819;55.9;13.1
FR;69;2021-05-03;47539;21438;2227629;532257;57.1;13.6
FR;69;2021-05-04;48082;27801;2275711;560058;58.3;14.4
FR;69;2021-05-05;42825;27211;2318536;587269;59.4;15.1
FR;69;2021-05-06;50925;30293;2369461;617562;60.7;15.8
FR;69;2021-05-07;42393;34369;2411854;651931;61.8;16.7
FR;69;2021-05-08;16044;9423;2427898;661354;62.2;16.9
FR;69;2021-05-09;7331;6578;2435229;667932;62.4;17.1
FR;69;2021-05-10;29878;34778;2465107;702710;63.2;18.0
FR;69;2021-05-11;38341;43817;2503448;746527;64.2;19.1
FR;69;2021-05-12;33252;39274;2536700;785801;65.0;20.1
FR;69;2021-05-13;17547;11552;2554247;797353;65.5;20.4
FR;69;2021-05-14;30124;34211;2584371;831564;66.2;21.3
FR;69;2021-05-15;15289;18559;2599660;850123;66.6;21.8
FR;69;2021-05-16;5451;4324;2605111;854447;66.8;21.9
FR;69;2021-05-17;21888;28844;2626999;883291;67.3;22.6
FR;69;2021-05-18;28019;29654;2655018;912945;68.0;23.4
FR;69;2021-05-19;24404;25247;2679422;938192;68.7;24.0
FR;69;2021-05-20;28451;27848;2707873;966040;69.4;24.8
FR;69;2021-05-21;23028;30758;2730901;996798;70.0;25.5
FR;69;2021-05-22;9693;14383;2740594;1011181;70.2;25.9
FR;69;2021-05-23;3193;2385;2743787;1013566;70.3;26.0
FR;69;2021-05-24;8123;7137;2751910;1020703;70.5;26.2
FR;69;2021-05-25;17933;36231;2769843;1056934;71.0;27.1
FR;69;2021-05-26;16405;34483;2786248;1091417;71.4;28.0
FR;69;2021-05-27;20645;42285;2806893;1133702;71.9;29.1
FR;69;2021-05-28;18315;53876;2825208;1187578;72.4;30.4
FR;69;2021-05-29;7667;31260;2832875;1218838;72.6;31.2
FR;69;2021-05-30;1702;6902;2834577;1225740;72.6;31.4
FR;69;2021-05-31;12353;47522;2846930;1273262;73.0;32.6
FR;69;2021-06-01;16225;57670;2863155;1330932;73.4;34.1
FR;69;2021-06-02;13001;50023;2876156;1380955;73.7;35.4
FR;69;2021-06-03;16384;57686;2892540;1438641;74.1;36.9
FR;69;2021-06-04;14590;67122;2907130;1505763;74.5;38.6
FR;69;2021-06-05;6093;39527;2913223;1545290;74.7;39.6
FR;69;2021-06-06;1569;9078;2914792;1554368;74.7;39.8
FR;69;2021-06-07;9744;59515;2924536;1613883;75.0;41.4
FR;69;2021-06-08;13408;66450;2937944;1680333;75.3;43.1
FR;69;2021-06-09;11637;54978;2949581;1735311;75.6;44.5
FR;69;2021-06-10;13937;57855;2963518;1793166;76.0;46.0
FR;69;2021-06-11;12094;69296;2975612;1862462;76.3;47.7
FR;69;2021-06-12;5633;32233;2981245;1894695;76.4;48.6
FR;69;2021-06-13;1316;7824;2982561;1902519;76.4;48.8
FR;69;2021-06-14;7335;61141;2989896;1963660;76.6;50.3
FR;69;2021-06-15;9967;66408;2999863;2030068;76.9;52.0
FR;69;2021-06-16;8147;50176;3008010;2080244;77.1;53.3
FR;69;2021-06-17;9725;57161;3017735;2137405;77.3;54.8
FR;69;2021-06-18;8573;60781;3026308;2198186;77.6;56.3
FR;69;2021-06-19;3678;24272;3029986;2222458;77.7;57.0
FR;69;2021-06-20;730;4941;3030716;2227399;77.7;57.1
FR;69;2021-06-21;5045;41874;3035761;2269273;77.8;58.2
FR;69;2021-06-22;6843;50965;3042604;2320238;78.0;59.5
FR;69;2021-06-23;5790;36939;3048394;2357177;78.1;60.4
FR;69;2021-06-24;7487;39200;3055881;2396377;78.3;61.4
FR;74;2020-12-27;1;0;1;0;0.0;0.0
FR;74;2020-12-28;7;0;8;0;0.0;0.0
FR;74;2020-12-29;5;0;13;0;0.0;0.0
FR;74;2020-12-30;12;0;25;0;0.0;0.0
FR;74;2020-12-31;8;0;33;0;0.0;0.0
FR;74;2021-01-01;5;0;38;0;0.0;0.0
FR;74;2021-01-02;3;0;41;0;0.0;0.0
FR;74;2021-01-03;13;0;54;0;0.0;0.0
FR;74;2021-01-04;89;1;143;1;0.0;0.0
FR;74;2021-01-05;301;0;444;1;0.0;0.0
FR;74;2021-01-06;555;1;999;2;0.0;0.0
FR;74;2021-01-07;1470;0;2469;2;0.1;0.0
FR;74;2021-01-08;1813;4;4282;6;0.1;0.0
FR;74;2021-01-09;801;0;5083;6;0.1;0.0
FR;74;2021-01-10;542;0;5625;6;0.2;0.0
FR;74;2021-01-11;2140;2;7765;8;0.2;0.0
FR;74;2021-01-12;3163;7;10928;15;0.3;0.0
FR;74;2021-01-13;3227;7;14155;22;0.4;0.0
FR;74;2021-01-14;3975;42;18130;64;0.5;0.0
FR;74;2021-01-15;3551;11;21681;75;0.6;0.0
FR;74;2021-01-16;1344;5;23025;80;0.7;0.0
FR;74;2021-01-17;766;4;23791;84;0.7;0.0
FR;74;2021-01-18;4735;14;28526;98;0.8;0.0
FR;74;2021-01-19;6836;14;35362;112;1.0;0.0
FR;74;2021-01-20;7126;12;42488;124;1.2;0.0
FR;74;2021-01-21;8222;30;50710;154;1.5;0.0
FR;74;2021-01-22;6571;22;57281;176;1.6;0.0
FR;74;2021-01-23;2264;4;59545;180;1.7;0.0
FR;74;2021-01-24;613;2;60158;182;1.7;0.0
FR;74;2021-01-25;4552;57;64710;239;1.9;0.0
FR;74;2021-01-26;5647;153;70357;392;2.0;0.0
FR;74;2021-01-27;5998;273;76355;665;2.2;0.0
FR;74;2021-01-28;6997;754;83352;1419;2.4;0.0
FR;74;2021-01-29;5751;902;89103;2321;2.6;0.1
FR;74;2021-01-30;1773;264;90876;2585;2.6;0.1
FR;74;2021-01-31;296;114;91172;2699;2.6;0.1
FR;74;2021-02-01;3303;1065;94475;3764;2.7;0.1
FR;74;2021-02-02;4314;1789;98789;5553;2.8;0.2
FR;74;2021-02-03;4327;1809;103116;7362;3.0;0.2
FR;74;2021-02-04;5192;2469;108308;9831;3.1;0.3
FR;74;2021-02-05;4402;2182;112710;12013;3.2;0.3
FR;74;2021-02-06;1414;695;114124;12708;3.3;0.4
FR;74;2021-02-07;243;351;114367;13059;3.3;0.4
FR;74;2021-02-08;3095;2508;117462;15567;3.4;0.4
FR;74;2021-02-09;4130;3731;121592;19298;3.5;0.6
FR;74;2021-02-10;4435;3820;126027;23118;3.6;0.7
FR;74;2021-02-11;5652;5479;131679;28597;3.8;0.8
FR;74;2021-02-12;5286;3823;136965;32420;3.9;0.9
FR;74;2021-02-13;1658;1219;138623;33639;4.0;1.0
FR;74;2021-02-14;408;471;139031;34110;4.0;1.0
FR;74;2021-02-15;2408;4184;141439;38294;4.1;1.1
FR;74;2021-02-16;3278;5637;144717;43931;4.2;1.3
FR;74;2021-02-17;3400;5458;148117;49389;4.3;1.4
FR;74;2021-02-18;4956;6821;153073;56210;4.4;1.6
FR;74;2021-02-19;4896;5422;157969;61632;4.5;1.8
FR;74;2021-02-20;1559;1741;159528;63373;4.6;1.8
FR;74;2021-02-21;233;415;159761;63788;4.6;1.8
FR;74;2021-02-22;2885;4294;162646;68082;4.7;2.0
FR;74;2021-02-23;4159;4903;166805;72985;4.8;2.1
FR;74;2021-02-24;4540;4851;171345;77836;4.9;2.2
FR;74;2021-02-25;5550;5707;176895;83543;5.1;2.4
FR;74;2021-02-26;5512;4487;182407;88030;5.2;2.5
FR;74;2021-02-27;2041;1370;184448;89400;5.3;2.6
FR;74;2021-02-28;531;294;184979;89694;5.3;2.6
FR;74;2021-03-01;5094;3379;190073;93073;5.5;2.7
FR;74;2021-03-02;7487;4301;197560;97374;5.7;2.8
FR;74;2021-03-03;9751;4291;207311;101665;6.0;2.9
FR;74;2021-03-04;15164;4870;222475;106535;6.4;3.1
FR;74;2021-03-05;21781;4679;244256;111214;7.0;3.2
FR;74;2021-03-06;31451;1538;275707;112752;7.9;3.2
FR;74;2021-03-07;21039;644;296746;113396;8.5;3.3
FR;74;2021-03-08;14300;3730;311046;117126;8.9;3.4
FR;74;2021-03-09;24160;4317;335206;121443;9.6;3.5
FR;74;2021-03-10;26425;4512;361631;125955;10.4;3.6
FR;74;2021-03-11;38468;5490;400099;131445;11.5;3.8
FR;74;2021-03-12;50829;4911;450928;136356;13.0;3.9
FR;74;2021-03-13;48061;1748;498989;138104;14.3;4.0
FR;74;2021-03-14;12002;473;510991;138577;14.7;4.0
FR;74;2021-03-15;25639;3231;536630;141808;15.4;4.1
FR;74;2021-03-16;20079;3902;556709;145710;16.0;4.2
FR;74;2021-03-17;21865;3947;578574;149657;16.6;4.3
FR;74;2021-03-18;24490;4593;603064;154250;17.3;4.4
FR;74;2021-03-19;41519;4106;644583;158356;18.5;4.6
FR;74;2021-03-20;35504;1671;680087;160027;19.6;4.6
FR;74;2021-03-21;9476;438;689563;160465;19.8;4.6
FR;74;2021-03-22;31583;3984;721146;164449;20.7;4.7
FR;74;2021-03-23;50301;4959;771447;169408;22.2;4.9
FR;74;2021-03-24;52259;5334;823706;174742;23.7;5.0
FR;74;2021-03-25;74996;5771;898702;180513;25.8;5.2
FR;74;2021-03-26;81002;5458;979704;185971;28.2;5.3
FR;74;2021-03-27;51148;2529;1030852;188500;29.6;5.4
FR;74;2021-03-28;17820;784;1048672;189284;30.1;5.4
FR;74;2021-03-29;56149;7019;1104821;196303;31.8;5.6
FR;74;2021-03-30;76632;8947;1181453;205250;34.0;5.9
FR;74;2021-03-31;68016;9492;1249469;214742;35.9;6.2
FR;74;2021-04-01;78459;11897;1327928;226639;38.2;6.5
FR;74;2021-04-02;70035;12443;1397963;239082;40.2;6.9
FR;74;2021-04-03;37176;8532;1435139;247614;41.3;7.1
FR;74;2021-04-04;12505;2811;1447644;250425;41.6;7.2
FR;74;2021-04-05;19210;1915;1466854;252340;42.2;7.3
FR;74;2021-04-06;64445;15240;1531299;267580;44.0;7.7
FR;74;2021-04-07;72680;16099;1603979;283679;46.1;8.2
FR;74;2021-04-08;87695;18041;1691674;301720;48.6;8.7
FR;74;2021-04-09;97351;17871;1789025;319591;51.4;9.2
FR;74;2021-04-10;48629;14120;1837654;333711;52.8;9.6
FR;74;2021-04-11;12708;6843;1850362;340554;53.2;9.8
FR;74;2021-04-12;60929;17790;1911291;358344;54.9;10.3
FR;74;2021-04-13;68757;22278;1980048;380622;56.9;10.9
FR;74;2021-04-14;60163;21858;2040211;402480;58.7;11.6
FR;74;2021-04-15;61984;23797;2102195;426277;60.4;12.3
FR;74;2021-04-16;52321;24382;2154516;450659;61.9;13.0
FR;74;2021-04-17;25741;16846;2180257;467505;62.7;13.4
FR;74;2021-04-18;5750;6973;2186007;474478;62.8;13.6
FR;74;2021-04-19;31746;24345;2217753;498823;63.8;14.3
FR;74;2021-04-20;36320;29622;2254073;528445;64.8;15.2
FR;74;2021-04-21;33394;30242;2287467;558687;65.8;16.1
FR;74;2021-04-22;38129;35226;2325596;593913;66.9;17.1
FR;74;2021-04-23;34882;38820;2360478;632733;67.9;18.2
FR;74;2021-04-24;18653;30732;2379131;663465;68.4;19.1
FR;74;2021-04-25;6144;12566;2385275;676031;68.6;19.4
FR;74;2021-04-26;26762;46878;2412037;722909;69.3;20.8
FR;74;2021-04-27;33072;56065;2445109;778974;70.3;22.4
FR;74;2021-04-28;32655;52836;2477764;831810;71.2;23.9
FR;74;2021-04-29;38761;53987;2516525;885797;72.3;25.5
FR;74;2021-04-30;35063;49152;2551588;934949;73.4;26.9
FR;74;2021-05-01;11101;15154;2562689;950103;73.7;27.3
FR;74;2021-05-02;5180;11400;2567869;961503;73.8;27.6
FR;74;2021-05-03;24220;52132;2592089;1013635;74.5;29.1
FR;74;2021-05-04;25158;69247;2617247;1082882;75.2;31.1
FR;74;2021-05-05;22732;64920;2639979;1147802;75.9;33.0
FR;74;2021-05-06;27401;63277;2667380;1211079;76.7;34.8
FR;74;2021-05-07;23303;66008;2690683;1277087;77.4;36.7
FR;74;2021-05-08;8251;14322;2698934;1291409;77.6;37.1
FR;74;2021-05-09;3689;10477;2702623;1301886;77.7;37.4
FR;74;2021-05-10;16127;63069;2718750;1364955;78.2;39.2
FR;74;2021-05-11;21004;64114;2739754;1429069;78.8;41.1
FR;74;2021-05-12;18511;53181;2758265;1482250;79.3;42.6
FR;74;2021-05-13;9110;12106;2767375;1494356;79.6;43.0
FR;74;2021-05-14;16992;37775;2784367;1532131;80.0;44.0
FR;74;2021-05-15;8391;17582;2792758;1549713;80.3;44.6
FR;74;2021-05-16;2991;3501;2795749;1553214;80.4;44.7
FR;74;2021-05-17;12252;30816;2808001;1584030;80.7;45.5
FR;74;2021-05-18;15481;30491;2823482;1614521;81.2;46.4
FR;74;2021-05-19;14064;25398;2837546;1639919;81.6;47.1
FR;74;2021-05-20;16061;27700;2853607;1667619;82.0;47.9
FR;74;2021-05-21;13391;30701;2866998;1698320;82.4;48.8
FR;74;2021-05-22;5775;14224;2872773;1712544;82.6;49.2
FR;74;2021-05-23;1857;2383;2874630;1714927;82.6;49.3
FR;74;2021-05-24;4645;5731;2879275;1720658;82.8;49.5
FR;74;2021-05-25;10624;35192;2889899;1755850;83.1;50.5
FR;74;2021-05-26;10035;32947;2899934;1788797;83.4;51.4
FR;74;2021-05-27;11857;39440;2911791;1828237;83.7;52.6
FR;74;2021-05-28;11257;45047;2923048;1873284;84.0;53.9
FR;74;2021-05-29;4755;24310;2927803;1897594;84.2;54.6
FR;74;2021-05-30;1042;4238;2928845;1901832;84.2;54.7
FR;74;2021-05-31;7570;29834;2936415;1931666;84.4;55.5
FR;74;2021-06-01;10295;40164;2946710;1971830;84.7;56.7
FR;74;2021-06-02;8474;34087;2955184;2005917;85.0;57.7
FR;74;2021-06-03;10552;42327;2965736;2048244;85.3;58.9
FR;74;2021-06-04;9704;48040;2975440;2096284;85.5;60.3
FR;74;2021-06-05;4056;25148;2979496;2121432;85.7;61.0
FR;74;2021-06-06;934;4684;2980430;2126116;85.7;61.1
FR;74;2021-06-07;6132;31630;2986562;2157746;85.9;62.0
FR;74;2021-06-08;8686;38113;2995248;2195859;86.1;63.1
FR;74;2021-06-09;7639;32505;3002887;2228364;86.3;64.1
FR;74;2021-06-10;8967;37897;3011854;2266261;86.6;65.2
FR;74;2021-06-11;8208;46569;3020062;2312830;86.8;66.5
FR;74;2021-06-12;3645;20548;3023707;2333378;86.9;67.1
FR;74;2021-06-13;849;4157;3024556;2337535;87.0;67.2
FR;74;2021-06-14;4980;34078;3029536;2371613;87.1;68.2
FR;74;2021-06-15;6900;42639;3036436;2414252;87.3;69.4
FR;74;2021-06-16;5637;33273;3042073;2447525;87.5;70.4
FR;74;2021-06-17;6984;40735;3049057;2488260;87.7;71.5
FR;74;2021-06-18;5886;43643;3054943;2531903;87.8;72.8
FR;74;2021-06-19;2513;15758;3057456;2547661;87.9;73.2
FR;74;2021-06-20;470;2797;3057926;2550458;87.9;73.3
FR;74;2021-06-21;3554;25091;3061480;2575549;88.0;74.0
FR;74;2021-06-22;4776;32902;3066256;2608451;88.2;75.0
FR;74;2021-06-23;4242;23632;3070498;2632083;88.3;75.7
FR;74;2021-06-24;5206;26245;3075704;2658328;88.4;76.4
FR;79;2020-12-27;1;0;1;0;0.0;0.0
FR;79;2020-12-28;6;0;7;0;0.0;0.0
FR;79;2020-12-29;16;0;23;0;0.0;0.0
FR;79;2020-12-30;12;0;35;0;0.0;0.0
FR;79;2020-12-31;6;0;41;0;0.0;0.0
FR;79;2021-01-01;6;0;47;0;0.0;0.0
FR;79;2021-01-02;4;0;51;0;0.0;0.0
FR;79;2021-01-03;2;0;53;0;0.0;0.0
FR;79;2021-01-04;50;0;103;0;0.0;0.0
FR;79;2021-01-05;173;0;276;0;0.0;0.0
FR;79;2021-01-06;342;1;618;1;0.0;0.0
FR;79;2021-01-07;909;0;1527;1;0.1;0.0
FR;79;2021-01-08;1088;1;2615;2;0.1;0.0
FR;79;2021-01-09;366;0;2981;2;0.1;0.0
FR;79;2021-01-10;196;0;3177;2;0.1;0.0
FR;79;2021-01-11;1169;3;4346;5;0.2;0.0
FR;79;2021-01-12;2217;2;6563;7;0.3;0.0
FR;79;2021-01-13;2767;2;9330;9;0.4;0.0
FR;79;2021-01-14;4453;36;13783;45;0.6;0.0
FR;79;2021-01-15;5279;18;19062;63;0.9;0.0
FR;79;2021-01-16;2833;14;21895;77;1.0;0.0
FR;79;2021-01-17;1311;3;23206;80;1.0;0.0
FR;79;2021-01-18;19700;40;42906;120;1.9;0.0
FR;79;2021-01-19;26094;42;69000;162;3.1;0.0
FR;79;2021-01-20;28101;34;97101;196;4.4;0.0
FR;79;2021-01-21;30121;44;127222;240;5.7;0.0
FR;79;2021-01-22;28001;40;155223;280;7.0;0.0
FR;79;2021-01-23;11689;13;166912;293;7.5;0.0
FR;79;2021-01-24;2173;4;169085;297;7.6;0.0
FR;79;2021-01-25;22599;50;191684;347;8.6;0.0
FR;79;2021-01-26;25783;127;217467;474;9.8;0.0
FR;79;2021-01-27;25062;204;242529;678;10.9;0.0
FR;79;2021-01-28;25248;568;267777;1246;12.1;0.1
FR;79;2021-01-29;22574;574;290351;1820;13.1;0.1
FR;79;2021-01-30;8795;139;299146;1959;13.5;0.1
FR;79;2021-01-31;1235;55;300381;2014;13.5;0.1
FR;79;2021-02-01;16201;651;316582;2665;14.3;0.1
FR;79;2021-02-02;19324;1282;335906;3947;15.1;0.2
FR;79;2021-02-03;18336;1595;354242;5542;16.0;0.2
FR;79;2021-02-04;19226;2541;373468;8083;16.8;0.4
FR;79;2021-02-05;18078;2694;391546;10777;17.7;0.5
FR;79;2021-02-06;6466;1011;398012;11788;18.0;0.5
FR;79;2021-02-07;870;392;398882;12180;18.0;0.5
FR;79;2021-02-08;13126;5823;412008;18003;18.6;0.8
FR;79;2021-02-09;15598;7684;427606;25687;19.3;1.2
FR;79;2021-02-10;15474;8065;443080;33752;20.0;1.5
FR;79;2021-02-11;16551;9626;459631;43378;20.7;2.0
FR;79;2021-02-12;15702;9433;475333;52811;21.4;2.4
FR;79;2021-02-13;5017;4128;480350;56939;21.7;2.6
FR;79;2021-02-14;907;1045;481257;57984;21.7;2.6
FR;79;2021-02-15;7140;19837;488397;77821;22.0;3.5
FR;79;2021-02-16;8361;23644;496758;101465;22.4;4.6
FR;79;2021-02-17;8262;24039;505020;125504;22.8;5.7
FR;79;2021-02-18;10337;24442;515357;149946;23.2;6.8
FR;79;2021-02-19;10346;20778;525703;170724;23.7;7.7
FR;79;2021-02-20;3783;8318;529486;179042;23.9;8.1
FR;79;2021-02-21;549;1559;530035;180601;23.9;8.1
FR;79;2021-02-22;7006;21899;537041;202500;24.2;9.1
FR;79;2021-02-23;9664;23581;546705;226081;24.7;10.2
FR;79;2021-02-24;10072;22222;556777;248303;25.1;11.2
FR;79;2021-02-25;11729;22114;568506;270417;25.6;12.2
FR;79;2021-02-26;12091;19143;580597;289560;26.2;13.1
FR;79;2021-02-27;4433;6745;585030;296305;26.4;13.4
FR;79;2021-02-28;877;1038;585907;297343;26.4;13.4
FR;79;2021-03-01;12148;16482;598055;313825;27.0;14.2
FR;79;2021-03-02;16350;19298;614405;333123;27.7;15.0
FR;79;2021-03-03;17773;18581;632178;351704;28.5;15.9
FR;79;2021-03-04;20985;17731;653163;369435;29.5;16.7
FR;79;2021-03-05;22508;16540;675671;385975;30.5;17.4
FR;79;2021-03-06;29097;5482;704768;391457;31.8;17.7
FR;79;2021-03-07;21098;1115;725866;392572;32.7;17.7
FR;79;2021-03-08;17407;15385;743273;407957;33.5;18.4
FR;79;2021-03-09;25797;16511;769070;424468;34.7;19.1
FR;79;2021-03-10;26921;15674;795991;440142;35.9;19.9
FR;79;2021-03-11;31915;15216;827906;455358;37.3;20.5
FR;79;2021-03-12;33447;13046;861353;468404;38.8;21.1
FR;79;2021-03-13;25420;4305;886773;472709;40.0;21.3
FR;79;2021-03-14;9487;798;896260;473507;40.4;21.4
FR;79;2021-03-15;28545;8780;924805;482287;41.7;21.8
FR;79;2021-03-16;32851;9359;957656;491646;43.2;22.2
FR;79;2021-03-17;33843;9325;991499;500971;44.7;22.6
FR;79;2021-03-18;36734;9826;1028233;510797;46.4;23.0
FR;79;2021-03-19;36771;8947;1065004;519744;48.0;23.4
FR;79;2021-03-20;20702;3342;1085706;523086;49.0;23.6
FR;79;2021-03-21;5876;613;1091582;523699;49.2;23.6
FR;79;2021-03-22;28618;9248;1120200;532947;50.5;24.0
FR;79;2021-03-23;37085;10857;1157285;543804;52.2;24.5
FR;79;2021-03-24;35568;11419;1192853;555223;53.8;25.0
FR;79;2021-03-25;41974;11196;1234827;566419;55.7;25.5
FR;79;2021-03-26;39424;10510;1274251;576929;57.5;26.0
FR;79;2021-03-27;17662;4447;1291913;581376;58.3;26.2
FR;79;2021-03-28;4798;918;1296711;582294;58.5;26.3
FR;79;2021-03-29;22294;15029;1319005;597323;59.5;26.9
FR;79;2021-03-30;28055;18957;1347060;616280;60.8;27.8
FR;79;2021-03-31;24696;19781;1371756;636061;61.9;28.7
FR;79;2021-04-01;27197;23233;1398953;659294;63.1;29.7
FR;79;2021-04-02;23077;24481;1422030;683775;64.1;30.8
FR;79;2021-04-03;10015;17375;1432045;701150;64.6;31.6
FR;79;2021-04-04;2802;5070;1434847;706220;64.7;31.9
FR;79;2021-04-05;4187;2760;1439034;708980;64.9;32.0
FR;79;2021-04-06;18999;28989;1458033;737969;65.8;33.3
FR;79;2021-04-07;21061;29876;1479094;767845;66.7;34.6
FR;79;2021-04-08;24989;29961;1504083;797806;67.8;36.0
FR;79;2021-04-09;26833;28133;1530916;825939;69.0;37.2
FR;79;2021-04-10;13579;18949;1544495;844888;69.7;38.1
FR;79;2021-04-11;3487;6457;1547982;851345;69.8;38.4
FR;79;2021-04-12;16745;28915;1564727;880260;70.6;39.7
FR;79;2021-04-13;19121;35028;1583848;915288;71.4;41.3
FR;79;2021-04-14;18177;33162;1602025;948450;72.3;42.8
FR;79;2021-04-15;19102;33353;1621127;981803;73.1;44.3
FR;79;2021-04-16;16236;31060;1637363;1012863;73.8;45.7
FR;79;2021-04-17;8157;16707;1645520;1029570;74.2;46.4
FR;79;2021-04-18;1768;4834;1647288;1034404;74.3;46.7
FR;79;2021-04-19;9843;29173;1657131;1063577;74.7;48.0
FR;79;2021-04-20;11703;34447;1668834;1098024;75.3;49.5
FR;79;2021-04-21;11298;31214;1680132;1129238;75.8;50.9
FR;79;2021-04-22;12852;31100;1692984;1160338;76.4;52.3
FR;79;2021-04-23;11909;27695;1704893;1188033;76.9;53.6
FR;79;2021-04-24;6157;13720;1711050;1201753;77.2;54.2
FR;79;2021-04-25;1912;3428;1712962;1205181;77.3;54.4
FR;79;2021-04-26;8947;20606;1721909;1225787;77.7;55.3
FR;79;2021-04-27;11076;23674;1732985;1249461;78.2;56.4
FR;79;2021-04-28;11593;20914;1744578;1270375;78.7;57.3
FR;79;2021-04-29;13662;20680;1758240;1291055;79.3;58.2
FR;79;2021-04-30;12821;17616;1771061;1308671;79.9;59.0
FR;79;2021-05-01;3818;3922;1774879;1312593;80.0;59.2
FR;79;2021-05-02;1744;2619;1776623;1315212;80.1;59.3
FR;79;2021-05-03;8607;15113;1785230;1330325;80.5;60.0
FR;79;2021-05-04;8940;20148;1794170;1350473;80.9;60.9
FR;79;2021-05-05;8422;18971;1802592;1369444;81.3;61.8
FR;79;2021-05-06;10259;18771;1812851;1388215;81.8;62.6
FR;79;2021-05-07;8964;19458;1821815;1407673;82.2;63.5
FR;79;2021-05-08;3091;4294;1824906;1411967;82.3;63.7
FR;79;2021-05-09;1384;2989;1826290;1414956;82.4;63.8
FR;79;2021-05-10;6172;17476;1832462;1432432;82.6;64.6
FR;79;2021-05-11;8006;18546;1840468;1450978;83.0;65.4
FR;79;2021-05-12;7296;15784;1847764;1466762;83.3;66.2
FR;79;2021-05-13;3507;3784;1851271;1470546;83.5;66.3
FR;79;2021-05-14;6774;11370;1858045;1481916;83.8;66.8
FR;79;2021-05-15;3299;5092;1861344;1487008;83.9;67.1
FR;79;2021-05-16;1142;1151;1862486;1488159;84.0;67.1
FR;79;2021-05-17;4926;8993;1867412;1497152;84.2;67.5
FR;79;2021-05-18;6099;9134;1873511;1506286;84.5;67.9
FR;79;2021-05-19;5705;7952;1879216;1514238;84.8;68.3
FR;79;2021-05-20;6586;8089;1885802;1522327;85.0;68.7
FR;79;2021-05-21;5601;8733;1891403;1531060;85.3;69.1
FR;79;2021-05-22;2404;3804;1893807;1534864;85.4;69.2
FR;79;2021-05-23;728;789;1894535;1535653;85.4;69.3
FR;79;2021-05-24;1832;1600;1896367;1537253;85.5;69.3
FR;79;2021-05-25;4352;10183;1900719;1547436;85.7;69.8
FR;79;2021-05-26;4298;9498;1905017;1556934;85.9;70.2
FR;79;2021-05-27;5194;10944;1910211;1567878;86.1;70.7
FR;79;2021-05-28;4712;12373;1914923;1580251;86.4;71.3
FR;79;2021-05-29;2039;6660;1916962;1586911;86.5;71.6
FR;79;2021-05-30;435;1253;1917397;1588164;86.5;71.6
FR;79;2021-05-31;3182;9026;1920579;1597190;86.6;72.0
FR;79;2021-06-01;4405;11094;1924984;1608284;86.8;72.5
FR;79;2021-06-02;3840;9706;1928824;1617990;87.0;73.0
FR;79;2021-06-03;4765;11231;1933589;1629221;87.2;73.5
FR;79;2021-06-04;4267;12685;1937856;1641906;87.4;74.0
FR;79;2021-06-05;1920;6453;1939776;1648359;87.5;74.3
FR;79;2021-06-06;431;1438;1940207;1649797;87.5;74.4
FR;79;2021-06-07;2674;10029;1942881;1659826;87.6;74.9
FR;79;2021-06-08;3758;11681;1946639;1671507;87.8;75.4
FR;79;2021-06-09;3319;10085;1949958;1681592;87.9;75.8
FR;79;2021-06-10;3886;11079;1953844;1692671;88.1;76.3
FR;79;2021-06-11;3647;13191;1957491;1705862;88.3;76.9
FR;79;2021-06-12;1652;5620;1959143;1711482;88.4;77.2
FR;79;2021-06-13;311;1316;1959454;1712798;88.4;77.2
FR;79;2021-06-14;2013;11093;1961467;1723891;88.5;77.7
FR;79;2021-06-15;2882;12662;1964349;1736553;88.6;78.3
FR;79;2021-06-16;2461;9953;1966810;1746506;88.7;78.8
FR;79;2021-06-17;2865;11225;1969675;1757731;88.8;79.3
FR;79;2021-06-18;2681;12317;1972356;1770048;89.0;79.8
FR;79;2021-06-19;1165;4468;1973521;1774516;89.0;80.0
FR;79;2021-06-20;206;930;1973727;1775446;89.0;80.1
FR;79;2021-06-21;1542;8153;1975269;1783599;89.1;80.4
FR;79;2021-06-22;2092;10157;1977361;1793756;89.2;80.9
FR;79;2021-06-23;1906;7620;1979267;1801376;89.3;81.2
FR;79;2021-06-24;2377;7666;1981644;1809042;89.4;81.6
FR;80;2020-12-27;10;2;10;2;0.0;0.0
FR;80;2020-12-28;41;0;51;2;0.0;0.0
FR;80;2020-12-29;78;0;129;2;0.0;0.0
FR;80;2020-12-30;69;0;198;2;0.0;0.0
FR;80;2020-12-31;50;0;248;2;0.0;0.0
FR;80;2021-01-01;10;0;258;2;0.0;0.0
FR;80;2021-01-02;9;0;267;2;0.0;0.0
FR;80;2021-01-03;2;0;269;2;0.0;0.0
FR;80;2021-01-04;297;1;566;3;0.0;0.0
FR;80;2021-01-05;913;2;1479;5;0.0;0.0
FR;80;2021-01-06;1675;2;3154;7;0.1;0.0
FR;80;2021-01-07;6352;5;9506;12;0.2;0.0
FR;80;2021-01-08;5779;11;15285;23;0.4;0.0
FR;80;2021-01-09;979;0;16264;23;0.4;0.0
FR;80;2021-01-10;311;0;16575;23;0.4;0.0
FR;80;2021-01-11;4469;10;21044;33;0.5;0.0
FR;80;2021-01-12;12755;18;33799;51;0.8;0.0
FR;80;2021-01-13;12500;19;46299;70;1.1;0.0
FR;80;2021-01-14;18296;112;64595;182;1.6;0.0
FR;80;2021-01-15;12187;34;76782;216;1.8;0.0
FR;80;2021-01-16;4055;33;80837;249;1.9;0.0
FR;80;2021-01-17;3746;20;84583;269;2.0;0.0
FR;80;2021-01-18;28783;74;113366;343;2.7;0.0
FR;80;2021-01-19;53865;113;167231;456;4.0;0.0
FR;80;2021-01-20;59578;133;226809;589;5.5;0.0
FR;80;2021-01-21;70047;102;296856;691;7.1;0.0
FR;80;2021-01-22;48464;80;345320;771;8.3;0.0
FR;80;2021-01-23;16246;14;361566;785;8.7;0.0
FR;80;2021-01-24;4317;3;365883;788;8.8;0.0
FR;80;2021-01-25;32478;162;398361;950;9.6;0.0
FR;80;2021-01-26;45165;546;443526;1496;10.7;0.0
FR;80;2021-01-27;50937;902;494463;2398;11.9;0.1
FR;80;2021-01-28;60115;3959;554578;6357;13.3;0.2
FR;80;2021-01-29;39388;3288;593966;9645;14.3;0.2
FR;80;2021-01-30;13250;595;607216;10240;14.6;0.2
FR;80;2021-01-31;2338;288;609554;10528;14.7;0.3
FR;80;2021-02-01;23042;2795;632596;13323;15.2;0.3
FR;80;2021-02-02;33554;7438;666150;20761;16.0;0.5
FR;80;2021-02-03;34454;7884;700604;28645;16.9;0.7
FR;80;2021-02-04;38119;12595;738723;41240;17.8;1.0
FR;80;2021-02-05;29824;9541;768547;50781;18.5;1.2
FR;80;2021-02-06;9712;2129;778259;52910;18.7;1.3
FR;80;2021-02-07;1450;1868;779709;54778;18.8;1.3
FR;80;2021-02-08;19379;11149;799088;65927;19.2;1.6
FR;80;2021-02-09;25927;25617;825015;91544;19.8;2.2
FR;80;2021-02-10;26342;28934;851357;120478;20.5;2.9
FR;80;2021-02-11;30564;38133;881921;158611;21.2;3.8
FR;80;2021-02-12;26764;24686;908685;183297;21.9;4.4
FR;80;2021-02-13;7943;6531;916628;189828;22.0;4.6
FR;80;2021-02-14;1508;3101;918136;192929;22.1;4.6
FR;80;2021-02-15;11141;28316;929277;221245;22.3;5.3
FR;80;2021-02-16;15566;38948;944843;260193;22.7;6.3
FR;80;2021-02-17;15959;44497;960802;304690;23.1;7.3
FR;80;2021-02-18;21580;52530;982382;357220;23.6;8.6
FR;80;2021-02-19;19073;37510;1001455;394730;24.1;9.5
FR;80;2021-02-20;6322;12332;1007777;407062;24.2;9.8
FR;80;2021-02-21;913;2970;1008690;410032;24.3;9.9
FR;80;2021-02-22;11188;30706;1019878;440738;24.5;10.6
FR;80;2021-02-23;17117;37290;1036995;478028;24.9;11.5
FR;80;2021-02-24;18012;37095;1055007;515123;25.4;12.4
FR;80;2021-02-25;22365;40884;1077372;556007;25.9;13.4
FR;80;2021-02-26;20580;30946;1097952;586953;26.4;14.1
FR;80;2021-02-27;7188;10289;1105140;597242;26.6;14.4
FR;80;2021-02-28;1262;2120;1106402;599362;26.6;14.4
FR;80;2021-03-01;18810;23224;1125212;622586;27.1;15.0
FR;80;2021-03-02;26924;29135;1152136;651721;27.7;15.7
FR;80;2021-03-03;28756;29282;1180892;681003;28.4;16.4
FR;80;2021-03-04;35001;29743;1215893;710746;29.2;17.1
FR;80;2021-03-05;35921;27532;1251814;738278;30.1;17.8
FR;80;2021-03-06;41422;8414;1293236;746692;31.1;18.0
FR;80;2021-03-07;29723;2096;1322959;748788;31.8;18.0
FR;80;2021-03-08;27205;22536;1350164;771324;32.5;18.6
FR;80;2021-03-09;40781;24720;1390945;796044;33.5;19.1
FR;80;2021-03-10;43158;25432;1434103;821476;34.5;19.8
FR;80;2021-03-11;51701;26952;1485804;848428;35.7;20.4
FR;80;2021-03-12;52192;23042;1537996;871470;37.0;21.0
FR;80;2021-03-13;37565;7056;1575561;878526;37.9;21.1
FR;80;2021-03-14;13907;1541;1589468;880067;38.2;21.2
FR;80;2021-03-15;44130;13983;1633598;894050;39.3;21.5
FR;80;2021-03-16;51843;17090;1685441;911140;40.5;21.9
FR;80;2021-03-17;54703;16597;1740144;927737;41.9;22.3
FR;80;2021-03-18;58557;18882;1798701;946619;43.3;22.8
FR;80;2021-03-19;57419;15787;1856120;962406;44.6;23.1
FR;80;2021-03-20;31041;5373;1887161;967779;45.4;23.3
FR;80;2021-03-21;8689;1102;1895850;968881;45.6;23.3
FR;80;2021-03-22;42892;14585;1938742;983466;46.6;23.7
FR;80;2021-03-23;55658;18080;1994400;1001546;48.0;24.1
FR;80;2021-03-24;54476;19115;2048876;1020661;49.3;24.5
FR;80;2021-03-25;64045;19650;2112921;1040311;50.8;25.0
FR;80;2021-03-26;60224;18309;2173145;1058620;52.3;25.5
FR;80;2021-03-27;26595;7379;2199740;1065999;52.9;25.6
FR;80;2021-03-28;6925;1457;2206665;1067456;53.1;25.7
FR;80;2021-03-29;32862;23415;2239527;1090871;53.9;26.2
FR;80;2021-03-30;43238;30773;2282765;1121644;54.9;27.0
FR;80;2021-03-31;40526;32114;2323291;1153758;55.9;27.7
FR;80;2021-04-01;46159;37766;2369450;1191524;57.0;28.7
FR;80;2021-04-02;37118;39759;2406568;1231283;57.9;29.6
FR;80;2021-04-03;14503;26099;2421071;1257382;58.2;30.2
FR;80;2021-04-04;3871;7575;2424942;1264957;58.3;30.4
FR;80;2021-04-05;5619;4086;2430561;1269043;58.5;30.5
FR;80;2021-04-06;27659;44970;2458220;1314013;59.1;31.6
FR;80;2021-04-07;33483;48412;2491703;1362425;59.9;32.8
FR;80;2021-04-08;40066;49545;2531769;1411970;60.9;34.0
FR;80;2021-04-09;43505;46360;2575274;1458330;61.9;35.1
FR;80;2021-04-10;19790;28889;2595064;1487219;62.4;35.8
FR;80;2021-04-11;4816;9361;2599880;1496580;62.5;36.0
FR;80;2021-04-12;23516;45159;2623396;1541739;63.1;37.1
FR;80;2021-04-13;30207;54636;2653603;1596375;63.8;38.4
FR;80;2021-04-14;29028;52150;2682631;1648525;64.5;39.6
FR;80;2021-04-15;31423;52661;2714054;1701186;65.3;40.9
FR;80;2021-04-16;26446;48995;2740500;1750181;65.9;42.1
FR;80;2021-04-17;12353;25606;2752853;1775787;66.2;42.7
FR;80;2021-04-18;2530;7622;2755383;1783409;66.3;42.9
FR;80;2021-04-19;14247;43670;2769630;1827079;66.6;43.9
FR;80;2021-04-20;17928;53043;2787558;1880122;67.0;45.2
FR;80;2021-04-21;17950;49775;2805508;1929897;67.5;46.4
FR;80;2021-04-22;20687;51210;2826195;1981107;68.0;47.6
FR;80;2021-04-23;19092;44603;2845287;2025710;68.4;48.7
FR;80;2021-04-24;9409;21200;2854696;2046910;68.7;49.2
FR;80;2021-04-25;2682;5153;2857378;2052063;68.7;49.4
FR;80;2021-04-26;12376;30576;2869754;2082639;69.0;50.1
FR;80;2021-04-27;16778;36406;2886532;2119045;69.4;51.0
FR;80;2021-04-28;17997;34590;2904529;2153635;69.9;51.8
FR;80;2021-04-29;21775;35651;2926304;2189286;70.4;52.7
FR;80;2021-04-30;20398;29575;2946702;2218861;70.9;53.4
FR;80;2021-05-01;5812;5818;2952514;2224679;71.0;53.5
FR;80;2021-05-02;2606;3857;2955120;2228536;71.1;53.6
FR;80;2021-05-03;12501;21386;2967621;2249922;71.4;54.1
FR;80;2021-05-04;13912;29958;2981533;2279880;71.7;54.8
FR;80;2021-05-05;13613;29300;2995146;2309180;72.0;55.5
FR;80;2021-05-06;15968;29515;3011114;2338695;72.4;56.2
FR;80;2021-05-07;14609;29761;3025723;2368456;72.8;57.0
FR;80;2021-05-08;4685;6047;3030408;2374503;72.9;57.1
FR;80;2021-05-09;1924;4142;3032332;2378645;72.9;57.2
FR;80;2021-05-10;9263;24337;3041595;2402982;73.2;57.8
FR;80;2021-05-11;12635;27198;3054230;2430180;73.5;58.4
FR;80;2021-05-12;11601;23573;3065831;2453753;73.7;59.0
FR;80;2021-05-13;4913;5411;3070744;2459164;73.9;59.1
FR;80;2021-05-14;10458;16372;3081202;2475536;74.1;59.5
FR;80;2021-05-15;4852;7335;3086054;2482871;74.2;59.7
FR;80;2021-05-16;1546;1527;3087600;2484398;74.3;59.8
FR;80;2021-05-17;7087;13109;3094687;2497507;74.4;60.1
FR;80;2021-05-18;9593;13474;3104280;2510981;74.7;60.4
FR;80;2021-05-19;8963;12083;3113243;2523064;74.9;60.7
FR;80;2021-05-20;10781;12628;3124024;2535692;75.1;61.0
FR;80;2021-05-21;8845;13055;3132869;2548747;75.3;61.3
FR;80;2021-05-22;3846;5192;3136715;2553939;75.4;61.4
FR;80;2021-05-23;1010;1132;3137725;2555071;75.5;61.5
FR;80;2021-05-24;2581;2224;3140306;2557295;75.5;61.5
FR;80;2021-05-25;6615;14211;3146921;2571506;75.7;61.8
FR;80;2021-05-26;6791;14202;3153712;2585708;75.8;62.2
FR;80;2021-05-27;8679;16797;3162391;2602505;76.1;62.6
FR;80;2021-05-28;8261;18058;3170652;2620563;76.3;63.0
FR;80;2021-05-29;3432;8816;3174084;2629379;76.3;63.2
FR;80;2021-05-30;637;1595;3174721;2630974;76.4;63.3
FR;80;2021-05-31;4975;12693;3179696;2643667;76.5;63.6
FR;80;2021-06-01;7284;16614;3186980;2660281;76.6;64.0
FR;80;2021-06-02;6365;14846;3193345;2675127;76.8;64.3
FR;80;2021-06-03;8429;16931;3201774;2692058;77.0;64.7
FR;80;2021-06-04;7564;18904;3209338;2710962;77.2;65.2
FR;80;2021-06-05;3355;9226;3212693;2720188;77.3;65.4
FR;80;2021-06-06;635;2042;3213328;2722230;77.3;65.5
FR;80;2021-06-07;4258;14089;3217586;2736319;77.4;65.8
FR;80;2021-06-08;6257;17352;3223843;2753671;77.5;66.2
FR;80;2021-06-09;5748;15421;3229591;2769092;77.7;66.6
FR;80;2021-06-10;6984;17007;3236575;2786099;77.8;67.0
FR;80;2021-06-11;6449;19785;3243024;2805884;78.0;67.5
FR;80;2021-06-12;2744;8273;3245768;2814157;78.1;67.7
FR;80;2021-06-13;495;2034;3246263;2816191;78.1;67.7
FR;80;2021-06-14;3169;15303;3249432;2831494;78.2;68.1
FR;80;2021-06-15;4793;18417;3254225;2849911;78.3;68.5
FR;80;2021-06-16;4336;15083;3258561;2864994;78.4;68.9
FR;80;2021-06-17;5327;17227;3263888;2882221;78.5;69.3
FR;80;2021-06-18;4772;18053;3268660;2900274;78.6;69.8
FR;80;2021-06-19;2047;6609;3270707;2906883;78.7;69.9
FR;80;2021-06-20;313;1307;3271020;2908190;78.7;69.9
FR;80;2021-06-21;2434;12026;3273454;2920216;78.7;70.2
FR;80;2021-06-22;3602;14904;3277056;2935120;78.8;70.6
FR;80;2021-06-23;3283;11953;3280339;2947073;78.9;70.9
FR;80;2021-06-24;3856;12577;3284195;2959650;79.0;71.2
FR;0;2020-12-27;20;2;20;2;0.0;0.0
FR;0;2020-12-28;71;0;91;2;0.0;0.0
FR;0;2020-12-29;108;0;199;2;0.0;0.0
FR;0;2020-12-30;123;0;322;2;0.0;0.0
FR;0;2020-12-31;88;0;410;2;0.0;0.0
FR;0;2021-01-01;75;1;485;3;0.0;0.0
FR;0;2021-01-02;90;4;575;7;0.0;0.0
FR;0;2021-01-03;92;0;667;7;0.0;0.0
FR;0;2021-01-04;1481;7;2148;14;0.0;0.0
FR;0;2021-01-05;5417;22;7565;36;0.0;0.0
FR;0;2021-01-06;11326;35;18891;71;0.0;0.0
FR;0;2021-01-07;28664;71;47555;142;0.1;0.0
FR;0;2021-01-08;36319;88;83874;230;0.1;0.0
FR;0;2021-01-09;10949;19;94823;249;0.1;0.0
FR;0;2021-01-10;5647;10;100470;259;0.1;0.0
FR;0;2021-01-11;39146;109;139616;368;0.2;0.0
FR;0;2021-01-12;61044;177;200660;545;0.3;0.0
FR;0;2021-01-13;63969;215;264629;760;0.4;0.0
FR;0;2021-01-14;80097;747;344726;1507;0.5;0.0
FR;0;2021-01-15;67630;328;412356;1835;0.6;0.0
FR;0;2021-01-16;19769;139;432125;1974;0.6;0.0
FR;0;2021-01-17;10484;65;442609;2039;0.7;0.0
FR;0;2021-01-18;84540;360;527149;2399;0.8;0.0
FR;0;2021-01-19;128660;408;655809;2807;1.0;0.0
FR;0;2021-01-20;135437;412;791246;3219;1.2;0.0
FR;0;2021-01-21;155644;424;946890;3643;1.4;0.0
FR;0;2021-01-22;118930;427;1065820;4070;1.6;0.0
FR;0;2021-01-23;37884;87;1103704;4157;1.6;0.0
FR;0;2021-01-24;9377;45;1113081;4202;1.7;0.0
FR;0;2021-01-25;76959;1370;1190040;5572;1.8;0.0
FR;0;2021-01-26;98960;3303;1289000;8875;1.9;0.0
FR;0;2021-01-27;105791;5808;1394791;14683;2.1;0.0
FR;0;2021-01-28;122549;14679;1517340;29362;2.3;0.0
FR;0;2021-01-29;91008;17538;1608348;46900;2.4;0.1
FR;0;2021-01-30;28702;4283;1637050;51183;2.4;0.1
FR;0;2021-01-31;4881;1689;1641931;52872;2.4;0.1
FR;0;2021-02-01;51646;21244;1693577;74116;2.5;0.1
FR;0;2021-02-02;70772;34773;1764349;108889;2.6;0.2
FR;0;2021-02-03;71080;37197;1835429;146086;2.7;0.2
FR;0;2021-02-04;80708;50349;1916137;196435;2.9;0.3
FR;0;2021-02-05;67225;45575;1983362;242010;3.0;0.4
FR;0;2021-02-06;21361;10461;2004723;252471;3.0;0.4
FR;0;2021-02-07;4825;5097;2009548;257568;3.0;0.4
FR;0;2021-02-08;45950;46270;2055498;303838;3.1;0.5
FR;0;2021-02-09;64888;73023;2120386;376861;3.2;0.6
FR;0;2021-02-10;69374;77435;2189760;454296;3.3;0.7
FR;0;2021-02-11;85758;100262;2275518;554558;3.4;0.8
FR;0;2021-02-12;77867;75289;2353385;629847;3.5;0.9
FR;0;2021-02-13;21725;19677;2375110;649524;3.5;1.0
FR;0;2021-02-14;4599;7243;2379709;656767;3.5;1.0
FR;0;2021-02-15;37104;77140;2416813;733907;3.6;1.1
FR;0;2021-02-16;49256;101576;2466069;835483;3.7;1.2
FR;0;2021-02-17;49386;103788;2515455;939271;3.7;1.4
FR;0;2021-02-18;68128;119832;2583583;1059103;3.8;1.6
FR;0;2021-02-19;63904;91897;2647487;1151000;3.9;1.7
FR;0;2021-02-20;18026;28641;2665513;1179641;4.0;1.8
FR;0;2021-02-21;2865;6415;2668378;1186056;4.0;1.8
FR;0;2021-02-22;36596;73799;2704974;1259855;4.0;1.9
FR;0;2021-02-23;52722;84943;2757696;1344798;4.1;2.0
FR;0;2021-02-24;58200;81995;2815896;1426793;4.2;2.1
FR;0;2021-02-25;98900;93251;2914796;1520044;4.3;2.3
FR;0;2021-02-26;111919;72843;3026715;1592887;4.5;2.4
FR;0;2021-02-27;51270;22635;3077985;1615522;4.6;2.4
FR;0;2021-02-28;5690;4505;3083675;1620027;4.6;2.4
FR;0;2021-03-01;63743;53784;3147418;1673811;4.7;2.5
FR;0;2021-03-02;99482;67833;3246900;1741644;4.8;2.6
FR;0;2021-03-03;113953;67523;3360853;1809167;5.0;2.7
FR;0;2021-03-04;160823;71884;3521676;1881051;5.2;2.8
FR;0;2021-03-05;198347;67055;3720023;1948106;5.5;2.9
FR;0;2021-03-06;205632;20464;3925655;1968570;5.8;2.9
FR;0;2021-03-07;119977;7026;4045632;1975596;6.0;2.9
FR;0;2021-03-08;105123;52583;4150755;2028179;6.2;3.0
FR;0;2021-03-09;170069;59590;4320824;2087769;6.4;3.1
FR;0;2021-03-10;176123;60031;4496947;2147800;6.7;3.2
FR;0;2021-03-11;239983;67329;4736930;2215129;7.1;3.3
FR;0;2021-03-12;291657;58435;5028587;2273564;7.5;3.4
FR;0;2021-03-13;229053;18200;5257640;2291764;7.8;3.4
FR;0;2021-03-14;62328;4381;5319968;2296145;7.9;3.4
FR;0;2021-03-15;156277;35329;5476245;2331474;8.2;3.5
FR;0;2021-03-16;139539;41882;5615784;2373356;8.4;3.5
FR;0;2021-03-17;148346;41488;5764130;2414844;8.6;3.6
FR;0;2021-03-18;165419;48238;5929549;2463082;8.8;3.7
FR;0;2021-03-19;227246;42150;6156795;2505232;9.2;3.7
FR;0;2021-03-20;164973;14622;6321768;2519854;9.4;3.8
FR;0;2021-03-21;48787;3679;6370555;2523533;9.5;3.8
FR;0;2021-03-22;167509;37879;6538064;2561412;9.7;3.8
FR;0;2021-03-23;247371;47554;6785435;2608966;10.1;3.9
FR;0;2021-03-24;253923;49211;7039358;2658177;10.5;4.0
FR;0;2021-03-25;338583;52047;7377941;2710224;11.0;4.0
FR;0;2021-03-26;355735;49836;7733676;2760060;11.5;4.1
FR;0;2021-03-27;193504;20914;7927180;2780974;11.8;4.1
FR;0;2021-03-28;58401;5056;7985581;2786030;11.9;4.2
FR;0;2021-03-29;200816;58948;8186397;2844978;12.2;4.2
FR;0;2021-03-30;282578;76924;8468975;2921902;12.6;4.4
FR;0;2021-03-31;260148;80167;8729123;3002069;13.0;4.5
FR;0;2021-04-01;310866;97340;9039989;3099409;13.5;4.6
FR;0;2021-04-02;278309;100328;9318298;3199737;13.9;4.8
FR;0;2021-04-03;139350;65561;9457648;3265298;14.1;4.9
FR;0;2021-04-04;44925;20131;9502573;3285429;14.2;4.9
FR;0;2021-04-05;58832;12955;9561405;3298384;14.2;4.9
FR;0;2021-04-06;213840;114255;9775245;3412639;14.6;5.1
FR;0;2021-04-07;256731;123734;10031976;3536373;14.9;5.3
FR;0;2021-04-08;333487;132997;10365463;3669370;15.4;5.5
FR;0;2021-04-09;405727;129061;10771190;3798431;16.0;5.7
FR;0;2021-04-10;210344;88965;10981534;3887396;16.4;5.8
FR;0;2021-04-11;54933;36542;11036467;3923938;16.4;5.8
FR;0;2021-04-12;234243;122398;11270710;4046336;16.8;6.0
FR;0;2021-04-13;305853;154694;11576563;4201030;17.2;6.3
FR;0;2021-04-14;290200;149493;11866763;4350523;17.7;6.5
FR;0;2021-04-15;332307;159713;12199070;4510236;18.2;6.7
FR;0;2021-04-16;335714;156892;12534784;4667128;18.7;7.0
FR;0;2021-04-17;186515;96248;12721299;4763376;19.0;7.1
FR;0;2021-04-18;50476;37389;12771775;4800765;19.0;7.2
FR;0;2021-04-19;202968;145707;12974743;4946472;19.3;7.4
FR;0;2021-04-20;251116;180122;13225859;5126594;19.7;7.6
FR;0;2021-04-21;249661;178437;13475520;5305031;20.1;7.9
FR;0;2021-04-22;283700;199790;13759220;5504821;20.5;8.2
FR;0;2021-04-23;291394;196024;14050614;5700845;20.9;8.5
FR;0;2021-04-24;188240;120298;14238854;5821143;21.2;8.7
FR;0;2021-04-25;68414;42008;14307268;5863151;21.3;8.7
FR;0;2021-04-26;218175;167557;14525443;6030708;21.6;9.0
FR;0;2021-04-27;281285;208289;14806728;6238997;22.1;9.3
FR;0;2021-04-28;296306;205562;15103034;6444559;22.5;9.6
FR;0;2021-04-29;353363;227836;15456397;6672395;23.0;9.9
FR;0;2021-04-30;368432;220990;15824829;6893385;23.6;10.3
FR;0;2021-05-01;164240;62266;15989069;6955651;23.8;10.4
FR;0;2021-05-02;90218;42775;16079287;6998426;24.0;10.4
FR;0;2021-05-03;284425;188165;16363712;7186591;24.4;10.7
FR;0;2021-05-04;311435;248113;16675147;7434704;24.8;11.1
FR;0;2021-05-05;321349;247374;16996496;7682078;25.3;11.4
FR;0;2021-05-06;374101;270548;17370597;7952626;25.9;11.8
FR;0;2021-05-07;368097;296032;17738694;8248658;26.4;12.3
FR;0;2021-05-08;218699;80407;17957393;8329065;26.8;12.4
FR;0;2021-05-09;128352;54687;18085745;8383752;26.9;12.5
FR;0;2021-05-10;307471;252907;18393216;8636659;27.4;12.9
FR;0;2021-05-11;398850;294321;18792066;8930980;28.0;13.3
FR;0;2021-05-12;427606;267036;19219672;9198016;28.6;13.7
FR;0;2021-05-13;333386;76968;19553058;9274984;29.1;13.8
FR;0;2021-05-14;447845;200875;20000903;9475859;29.8;14.1
FR;0;2021-05-15;368732;118529;20369635;9594388;30.4;14.3
FR;0;2021-05-16;199949;33322;20569584;9627710;30.6;14.3
FR;0;2021-05-17;370273;177100;20939857;9804810;31.2;14.6
FR;0;2021-05-18;449672;189554;21389529;9994364;31.9;14.9
FR;0;2021-05-19;459752;179939;21849281;10174303;32.6;15.2
FR;0;2021-05-20;498055;201393;22347336;10375696;33.3;15.5
FR;0;2021-05-21;481062;218457;22828398;10594153;34.0;15.8
FR;0;2021-05-22;342336;106746;23170734;10700899;34.5;15.9
FR;0;2021-05-23;159214;26109;23329948;10727008;34.8;16.0
FR;0;2021-05-24;257879;51971;23587827;10778979;35.1;16.1
FR;0;2021-05-25;392123;223851;23979950;11002830;35.7;16.4
FR;0;2021-05-26;402475;223734;24382425;11226564;36.3;16.7
FR;0;2021-05-27;442098;263691;24824523;11490255;37.0;17.1
FR;0;2021-05-28;422180;315548;25246703;11805803;37.6;17.6
FR;0;2021-05-29;294740;180936;25541443;11986739;38.1;17.9
FR;0;2021-05-30;104838;41624;25646281;12028363;38.2;17.9
FR;0;2021-05-31;351987;240206;25998268;12268569;38.7;18.3
FR;0;2021-06-01;413686;300855;26411954;12569424;39.4;18.7
FR;0;2021-06-02;401414;275659;26813368;12845083;40.0;19.1
FR;0;2021-06-03;451251;311141;27264619;13156224;40.6;19.6
FR;0;2021-06-04;441972;359896;27706591;13516120;41.3;20.1
FR;0;2021-06-05;298271;220915;28004862;13737035;41.7;20.5
FR;0;2021-06-06;129209;60585;28134071;13797620;41.9;20.6
FR;0;2021-06-07;328637;297944;28462708;14095564;42.4;21.0
FR;0;2021-06-08;381475;335749;28844183;14431313;43.0;21.5
FR;0;2021-06-09;373345;318251;29217528;14749564;43.5;22.0
FR;0;2021-06-10;386973;335921;29604501;15085485;44.1;22.5
FR;0;2021-06-11;375604;405845;29980105;15491330;44.7;23.1
FR;0;2021-06-12;276441;242080;30256546;15733410;45.1;23.4
FR;0;2021-06-13;101561;84449;30358107;15817859;45.2;23.6
FR;0;2021-06-14;230070;383854;30588177;16201713;45.6;24.1
FR;0;2021-06-15;294823;422982;30883000;16624695;46.0;24.8
FR;0;2021-06-16;303188;393583;31186188;17018278;46.5;25.4
FR;0;2021-06-17;307468;411208;31493656;17429486;46.9;26.0
FR;0;2021-06-18;308577;483959;31802233;17913445;47.4;26.7
FR;0;2021-06-19;218592;299584;32020825;18213029;47.7;27.1
FR;0;2021-06-20;70463;111146;32091288;18324175;47.8;27.3
FR;0;2021-06-21;186192;426700;32277480;18750875;48.1;27.9
FR;0;2021-06-22;213510;498338;32490990;19249213;48.4;28.7
FR;0;2021-06-23;223809;472140;32714799;19721353;48.7;29.4
FR;0;2021-06-24;228781;443975;32943580;20165328;49.1;30.0
